	sequences per sample	iteration	515rcbc12	515rcbc21	515rcbc17	515rcbc34	515rcbc33	515rcbc31	515rcbc20	515rcbc15	515rcbc26	515rcbc22	515rcbc37	515rcbc24	515rcbc18	515rcbc35	515rcbc11	515rcbc27	515rcbc13	515rcbc23	515rcbc32	515rcbc16	515rcbc19	515rcbc9	515rcbc30	515rcbc28	515rcbc29	515rcbc14	515rcbc10	515rcbc8	515rcbc25	515rcbc36
alpha_rarefaction_10_0.txt	10	0	55.0	55.0	55.0	55.0	55.0	55.0	55.0	23.0	55.0	23.0	23.0	55.0	55.0	55.0	23.0	55.0	55.0	55.0	23.0	55.0	55.0	55.0	55.0	55.0	23.0	55.0	23.0	55.0	55.0	55.0
alpha_rarefaction_10_1.txt	10	1	55.0	23.0	55.0	23.0	23.0	55.0	55.0	55.0	55.0	55.0	55.0	23.0	55.0	55.0	23.0	55.0	23.0	55.0	55.0	23.0	23.0	55.0	55.0	55.0	55.0	23.0	55.0	55.0	55.0	23.0
alpha_rarefaction_10_2.txt	10	2	55.0	55.0	55.0	55.0	23.0	55.0	55.0	55.0	55.0	55.0	55.0	23.0	55.0	23.0	55.0	55.0	55.0	55.0	55.0	55.0	55.0	55.0	55.0	55.0	55.0	55.0	55.0	55.0	23.0	55.0
alpha_rarefaction_10_3.txt	10	3	55.0	55.0	55.0	55.0	55.0	55.0	55.0	55.0	55.0	55.0	55.0	55.0	55.0	23.0	23.0	55.0	55.0	55.0	23.0	23.0	55.0	55.0	55.0	23.0	23.0	29.0	55.0	55.0	55.0	55.0
alpha_rarefaction_10_4.txt	10	4	55.0	55.0	55.0	23.0	23.0	55.0	55.0	55.0	55.0	55.0	55.0	55.0	55.0	55.0	55.0	55.0	55.0	55.0	55.0	55.0	55.0	55.0	23.0	55.0	55.0	55.0	55.0	55.0	23.0	55.0
alpha_rarefaction_10_5.txt	10	5	55.0	55.0	23.0	55.0	23.0	55.0	55.0	55.0	55.0	23.0	55.0	23.0	23.0	55.0	55.0	55.0	55.0	13.0	23.0	55.0	55.0	55.0	55.0	23.0	55.0	55.0	23.0	55.0	55.0	55.0
alpha_rarefaction_10_6.txt	10	6	55.0	55.0	55.0	55.0	23.0	55.0	55.0	55.0	55.0	55.0	23.0	23.0	55.0	55.0	55.0	23.0	55.0	55.0	55.0	55.0	23.0	23.0	55.0	55.0	55.0	29.0	55.0	55.0	55.0	55.0
alpha_rarefaction_10_7.txt	10	7	55.0	55.0	55.0	55.0	55.0	55.0	23.0	55.0	23.0	55.0	55.0	23.0	55.0	23.0	55.0	55.0	55.0	55.0	23.0	13.0	55.0	55.0	55.0	55.0	23.0	23.0	55.0	55.0	23.0	55.0
alpha_rarefaction_10_8.txt	10	8	23.0	55.0	55.0	23.0	55.0	23.0	23.0	55.0	23.0	13.0	55.0	29.0	55.0	23.0	55.0	55.0	23.0	55.0	55.0	55.0	55.0	23.0	55.0	55.0	55.0	55.0	55.0	55.0	23.0	55.0
alpha_rarefaction_10_9.txt	10	9	55.0	55.0	55.0	55.0	29.0	23.0	23.0	55.0	55.0	55.0	55.0	23.0	55.0	23.0	23.0	55.0	55.0	55.0	55.0	13.0	55.0	55.0	23.0	55.0	55.0	55.0	55.0	23.0	55.0	55.0
alpha_rarefaction_10009_0.txt	10009	0	2718.67003367	2160.73333333	2742.36575875	2296.5078125	2391.72101449	2688.70980392	n/a	2286.70342205	2190.0625	2361.27380952	2788.82758621	2480.96503497	2469.18478261	2371.96694215	2694.91970803	2365.91071429	2263.40851064	2585.48913043	2161.78378378	2532.54545455	2906.65116279	2534.66171004	2630.78651685	2581.67058824	2801.75090253	2265.89377289	2584.68888889	2511.32214765	2214.48101266	2362.46666667
alpha_rarefaction_10009_1.txt	10009	1	2785.86241611	2298.92056075	2444.5	2469.37662338	2457.96688742	2659.72796935	n/a	2230.2248062	2114.01204819	2195.81954887	2627.58576052	2716.97307692	2487.44594595	2401.24193548	2773.56363636	2422.65384615	2176.38493724	2712.8	2361.39719626	2661.25	2945.58762887	2498.79642857	2772.91044776	2466.59302326	2715.09271523	2421.63333333	2435.221843	2619.45454545	2321.5	2108.62666667
alpha_rarefaction_10009_2.txt	10009	2	2789.03472222	2079.91266376	2619.97619048	2362.93951613	2467.78057554	2573.68965517	n/a	2277.96511628	2202.16521739	2379.51190476	2655.63973064	2455.13138686	2484.03816794	2314.96629213	2658.80633803	2301.24734982	2371.49122807	2577.34296029	2236.49606299	2390.39032258	2952.89761092	2439.15471698	2537.17557252	2738.5	2722.91638796	2287.89642857	2594.4	2584.14035088	2125.51968504	2112.74025974
alpha_rarefaction_10009_3.txt	10009	3	2776.45220588	2262.97222222	2578.26666667	2401.18072289	2619.1	2463.49647887	n/a	2359.75103734	2136.88311688	2350.55970149	2597.27741935	2445.23571429	2568.86516854	2318.64179104	2570.60750853	2431.2267658	2114.18992248	2719.54044118	2142.76779026	2615.88157895	2671.24137931	2618.4981685	2520.26690391	2472.30597015	2810.78911565	2316.30888031	2501.23735409	2667.22887324	2175.64453125	2223.67088608
alpha_rarefaction_10009_4.txt	10009	4	2814.85	2205.63636364	2608.17857143	2283.93478261	2488.88432836	2470.9379562	n/a	2235.25475285	2104.97630332	2252.11071429	2566.44983819	2632.59566787	2559.89090909	2348.46511628	2561.71575342	2534.64102564	2292.8959276	2475.18707483	2165.78278689	2663.27054795	2800.80547112	2548.37857143	2635.11969112	2289.79622642	2740.1774744	2306.44927536	2487.75362319	2447.68810289	2067.89754098	2166.0
alpha_rarefaction_10009_5.txt	10009	5	2734.03960396	2071.86363636	2713.38735178	2239.61068702	2485.7400722	2590.64285714	n/a	2230.86170213	2110.23300971	2315.47244094	2696.98305085	2649.7611336	2598.94485294	2269.19753086	2688.39325843	2426.35294118	2312.79545455	2628.45993031	2179.38976378	2720.92	2895.28980892	2483.89824561	2603.9588015	2489.89772727	2825.45791246	2299.08823529	2509.63333333	2630.15306122	2279.36792453	2037.3
alpha_rarefaction_10009_6.txt	10009	6	2876.3137931	2206.01333333	2371.66101695	2347.26720648	2601.47292419	2445.22408027	n/a	2352.11553785	2206.86124402	2399.09926471	2705.53481013	2595.11971831	2498.73426573	2499.88607595	2642.56985294	2417.97211155	2290.63559322	2555.72413793	2149.05597015	2648.01090909	2886.06521739	2492.82068966	2557.77272727	2507.2109375	2911.390681	2468.31395349	2497.79553903	2741.414791	2142.27731092	2157.18677043
alpha_rarefaction_10009_7.txt	10009	7	2784.99317406	2025.24050633	2744.10714286	2408.0	2419.3943662	2603.98175182	n/a	2367.22134387	2208.25446429	2358.32103321	2633.62461538	2592.38888889	2593.91634981	2554.23206751	2627.84722222	2307.16483516	2189.3373494	2435.60344828	2250.63559322	2638.82679739	2878.12618297	2611.13671875	2672.80620155	2398.94623656	2569.05466238	2461.80803571	2524.73684211	2421.84210526	2205.92771084	2242.71428571
alpha_rarefaction_10009_8.txt	10009	8	2695.5971223	2210.66063348	2658.06390977	2316.80228137	2576.30208333	2737.05447471	n/a	2345.16049383	2367.56060606	2407.75298805	2664.07717042	2568.01136364	2659.77307692	2222.375	2608.35234899	2602.74509804	2056.06563707	2576.66903915	2326.10416667	2624.75347222	2721.06646526	2550.87632509	2538.8	2522.23938224	2678.73615635	2299.77099237	2592.35797665	2778.56934307	2082.80686695	2170.49586777
alpha_rarefaction_10009_9.txt	10009	9	2780.72490706	2060.2718894	2578.25	2279.37651822	2646.91287879	2511.13261649	n/a	2330.8699187	2057.84444444	2325.92	2719.03703704	2495.34944238	2572.61254613	2172.69776119	2495.98039216	2425.95833333	2139.87727273	2602.23529412	2368.56485356	2694.69395018	2818.82295082	2478.67857143	2615.55555556	2503.95528455	2810.46099291	2324.87449393	2480.35144928	2644.51034483	2190.94396552	2074.64453125
alpha_rarefaction_20008_0.txt	20008	0	3438.75	2785.03703704	3280.00877193	2828.50326797	3116.13274336	3191.29746835	n/a	2809.30841121	2632.24738676	2811.71717172	3161.29842932	3168.28783383	2996.36599424	3192.55520505	3179.24576271	2775.08211144	2643.68707483	2966.00779221	2887.36038961	3208.10465116	3297.0	2931.09756098	3195.84741144	3063.11041009	3678.69905956	2716.92307692	2973.89057751	2903.76903553	2715.59139785	2551.30841121
alpha_rarefaction_20008_1.txt	20008	1	3482.87724551	2873.33707865	3341.03927492	2784.41975309	2941.88075881	3096.31964809	n/a	2911.16723549	2700.29411765	2694.18125	3105.05384615	2965.02034884	3042.7184466	2981.71856287	3149.27272727	2831.50764526	2664.61678832	3136.15340909	2693.07216495	3258.04032258	3368.26315789	3077.23404255	3193.14713896	2943.45697329	3484.92507205	2817.18611987	3060.29597701	2976.008	2620.38436482	2480.0173913
alpha_rarefaction_20008_2.txt	20008	2	3518.14550265	2645.88104089	3271.58092486	2870.33333333	2993.97796143	3158.77777778	n/a	2746.21974522	2664.14189189	2872.37837838	3153.68449198	3226.76923077	3185.00943396	2984.4	3229.12138728	2886.01818182	2563.03767123	3241.67961165	3039.46931408	3228.375	3623.74365482	2830.28532609	3084.0308642	3099.33628319	3304.18306011	2859.14375	3017.04573171	2954.39637306	2629.74193548	2579.48502994
alpha_rarefaction_20008_3.txt	20008	3	3267.83333333	2716.86872587	3126.29190751	2872.49342105	2939.21367521	3095.4054878	n/a	2760.65517241	2600.33892617	2814.67676768	3155.96183206	3047.50151057	3150.91964286	2963.44036697	3199.33429395	2807.05722892	2523.05016722	2989.56213018	2696.80952381	3199.39622642	3532.25806452	2986.26686217	3116.2920354	3101.45558739	3196.57364341	2832.67549669	2971.28963415	3026.5862069	2492.53767123	2576.61583578
alpha_rarefaction_20008_4.txt	20008	4	3461.89945652	2582.5631769	3082.17548747	2906.49180328	3089.01749271	3322.52531646	n/a	2874.65263158	2656.39163498	2720.53370787	3166.27882038	3353.52631579	3016.58579882	2964.52147239	3194.06179775	2991.4012945	2736.62765957	3235.85964912	2654.10650888	3065.7712766	3298.44715447	2965.15966387	3326.76	3230.2388535	3381.4197861	2881.27960526	3097.3220339	3007.54972376	2712.60456274	2521.08069164
alpha_rarefaction_20008_5.txt	20008	5	3447.6	2574.01185771	3187.93352601	2821.80515759	2884.41310541	3199.75308642	n/a	2802.46101695	2780.2481203	2663.13353116	3142.01492537	3190.85173502	3192.76666667	2836.45697329	3171.67964072	2884.34954407	2723.59469697	3096.26553672	2873.28246753	3177.22701149	3552.53846154	2933.49152542	3206.52365931	3027.00561798	3278.34231806	2836.49371069	3041.42105263	3031.24010554	2554.04040404	2646.0060423
alpha_rarefaction_20008_6.txt	20008	6	3430.15714286	2628.28178694	2930.01550388	2931.75	3078.41420118	3123.92638037	n/a	2718.31958763	2731.66433566	2779.06666667	3290.5952381	2999.4030303	3077.86363636	2747.17941176	3179.29190751	2867.54913295	2501.35093168	3112.96	2710.2987013	3189.24	3608.23015873	3076.7516129	3074.96551724	3059.17919075	3322.125	2939.10472973	3187.19614148	2958.89540816	2681.66202091	2619.28571429
alpha_rarefaction_20008_7.txt	20008	7	3528.72307692	2709.46768061	3079.27272727	2855.5276873	3089.39701493	3169.10434783	n/a	2919.85920578	2786.0037594	2830.32326284	3177.95939086	3128.77846154	2979.04651163	2965.53040541	3191.50442478	2959.75974026	2609.89642857	3250.37215909	2892.66898955	3294.16997167	3500.88760807	2918.86554622	3069.9221902	3005.40361446	3387.54293629	2905.6877193	3154.27848101	3088.03532609	2679.84	2449.66757493
alpha_rarefaction_20008_8.txt	20008	8	3562.79883382	2546.63973064	3123.50139276	2844.41065831	3233.0030303	3331.73684211	n/a	2896.77741935	2689.75	2805.30201342	3105.03807107	2964.2005988	2844.1	2881.87009063	3124.62804878	2988.92082111	2578.99337748	2900.46341463	2815.49090909	3232.56216216	3447.05511811	3027.05965909	3154.58588957	3155.315625	3405.6302521	2925.21359223	2999.44410876	2928.50531915	2654.1197411	2585.12386707
alpha_rarefaction_20008_9.txt	20008	9	3489.12820513	2636.32103321	3252.58823529	2789.7173913	3123.8362069	3373.26948052	n/a	2845.02758621	2742.92567568	2954.00961538	3145.70588235	2902.24661247	3160.52134146	2887.67313019	3047.06349206	2988.00344828	2546.86941581	3034.42702703	2693.71575342	3271.74223602	3440.096	2967.50746269	3274.20183486	3146.38080495	3472.01709402	2855.7173913	3213.35275081	3072.90304709	2694.42105263	2528.10682493
alpha_rarefaction_30007_0.txt	30007	0	4044.43767313	2878.94623656	3513.2757732	3224.37837838	3363.35384615	3644.61403509	n/a	3190.07142857	3032.5351682	3298.01960784	3457.64540816	3248.50847458	3393.20491803	3240.55084746	3417.51597052	3238.13043478	2910.99367089	3432.59791123	3200.25986842	3529.98469388	3791.85941043	3288.54263566	3411.68069307	3416.05785124	3733.23152709	3142.44144144	3214.23393316	3323.22921914	2840.13473054	2732.54881266
alpha_rarefaction_30007_1.txt	30007	1	4053.74285714	3139.43478261	3503.31007752	3165.23076923	3401.47368421	3486.64285714	n/a	3190.77014925	2890.26557377	3172.99101796	3462.10739857	3464.99456522	3343.74535809	3266.32198953	3438.44415584	3173.24137931	2905.1414791	3489.92307692	3081.17161716	3573.51538462	3778.90780142	3280.31372549	3653.84880637	3448.27077748	3824.74418605	3028.00857143	3206.38728324	3423.00815217	3044.65584416	2713.73979592
alpha_rarefaction_30007_2.txt	30007	2	3886.70694087	2922.4527027	3437.53056235	3219.27575758	3265.01538462	3675.9137931	n/a	3116.88448845	2895.6167147	3312.96036585	3315.30094787	3267.02512563	3486.36734694	3278.12465374	3574.01666667	3121.12569832	2949.06375839	3421.5	3209.003367	3621.84920635	3729.03571429	3218.72303922	3494.0703125	3481.70731707	3738.50721154	3057.05769231	3314.38243626	3314.14588859	2886.84090909	2722.19414894
alpha_rarefaction_30007_3.txt	30007	3	3735.72325581	3004.23076923	3495.48275862	3045.90027701	3361.30310881	3467.16537468	n/a	2998.28610354	3129.61538462	3323.60544218	3478.00714286	3410.02015113	3419.56198347	3367.26536313	3519.38297872	3273.14044944	2880.30967742	3418.68814433	3157.24104235	3386.02352941	3907.11881188	3334.4796748	3534.29639175	3448.04105572	3974.89473684	3055.18696884	3375.62931034	3262.0	2901.97476341	2724.30645161
alpha_rarefaction_30007_4.txt	30007	4	3904.50769231	2847.86666667	3417.13138686	3000.81653747	3338.136	3537.94594595	n/a	3164.26774194	2923.62426036	3138.18627451	3444.71527778	3369.69942197	3406.7027027	3171.96675192	3507.74262735	3209.77464789	2773.43037975	3286.3817734	3122.06188925	3726.96031746	3673.36	3352.70833333	3523.4015544	3468.90029326	3814.64028777	3018.0	3360.22928177	3304.38518519	2965.59433962	2712.10026385
alpha_rarefaction_30007_5.txt	30007	5	3909.68831169	2914.59507042	3402.15601023	3185.02747253	3286.00753769	3689.25	n/a	3229.00331126	3128.19520548	3055.09565217	3380.72027972	3494.32397959	3395.06353591	3244.04201681	3525.67005076	3235.24770642	2845.31531532	3422.03875969	3188.00651466	3468.51470588	3689.35416667	3229.02610966	3627.17857143	3556.24068768	3752.94306931	3222.90909091	3307.68486352	3231.50738916	3132.98019802	2690.93023256
alpha_rarefaction_30007_6.txt	30007	6	4044.74015748	3075.07342657	3443.71090047	3207.17847025	3324.34343434	3775.76807229	n/a	2979.0	3069.09836066	3127.35087719	3424.80941704	3470.46891192	3289.4464752	3335.72375691	3484.91857506	3147.52601156	2895.96842105	3376.88	3062.29836066	3604.096	3894.96068796	3406.3121547	3450.71573604	3244.94413408	3806.33937824	3152.50755287	3276.90462428	3268.03947368	3009.02730375	2786.66846361
alpha_rarefaction_30007_7.txt	30007	7	3948.91646192	2922.59752322	3499.67287234	3100.51351351	3319.03307888	3464.62597403	n/a	3025.05555556	3057.19736842	3248.3125	3328.53318584	3424.32432432	3458.00557103	3299.04132231	3486.55699482	3156.29005525	2838.24752475	3585.00271003	3031.03095975	3408.53164557	3907.86146096	3347.02506964	3631.89945652	3364.37398374	3633.01639344	3026.12605042	3420.06628242	3222.04622871	2946.21782178	2682.57070707
alpha_rarefaction_30007_8.txt	30007	8	3785.27951807	3075.67375887	3574.62318841	3282.26648352	3271.27061856	3670.5988024	n/a	3224.66167665	3259.55481728	3044.98417722	3524.51908397	3382.30693069	3439.50636132	3308.17032967	3622.5433526	3160.25138122	2767.42638037	3564.00857143	3173.3	3632.34120735	3900.26056338	3351.88190955	3604.42227979	3638.30769231	3790.80645161	3100.05769231	3288.82245431	3315.01554404	2864.23642173	2678.96891192
alpha_rarefaction_30007_9.txt	30007	9	3925.18639798	2886.66666667	3557.45728643	3147.85123967	3350.11825193	3463.01724138	n/a	3175.2238806	2891.7808642	3070.85294118	3281.31828442	3377.22279793	3343.59946237	3322.68011527	3387.75757576	3148.01626016	2855.06542056	3266.80246914	3095.86538462	3622.05450237	3936.90298507	3175.76633166	3438.5049505	3420.54986523	3842.71240106	3209.11111111	3332.14545455	3290.3030303	2947.70491803	2693.47594937
alpha_rarefaction_40006_0.txt	40006	0	4216.65859564	3168.43174603	3679.1214128	3285.00791557	3500.42957746	3803.52798054	n/a	3421.97965116	3196.18309859	3429.82228916	3592.57427938	3762.10178117	3764.33248731	3532.27525253	3637.5334873	3315.13577023	2992.08974359	3620.08801956	3279.91097923	3730.12585812	4064.76637555	3468.00767263	3723.12168142	3728.408	4120.63157895	3398.31372549	3617.01680672	3393.23165138	2975.68079096	n/a
alpha_rarefaction_40006_1.txt	40006	1	4395.37121212	3083.88719512	3719.61083744	3330.00759494	3435.30049261	3922.56914894	n/a	3366.81360947	3191.45810056	3358.15469613	3573.75663717	3760.79088472	3647.46231156	3651.61256545	3650.08695652	3219.98241206	2980.97014925	3725.32114883	3429.8625	3881.6278481	3974.04625551	3385.85159817	3673.04545455	3573.71649485	3925.40792541	3433.97493036	3591.79069767	3379.75227273	3092.18911175	n/a
alpha_rarefaction_40006_2.txt	40006	2	4443.44354839	3198.49074074	3712.93764988	3249.77832512	3704.53802817	3760.05614973	n/a	3163.06	3239.37790698	3309.78338279	3576.36323851	3831.95287958	3621.84328358	3485.89873418	3685.0234192	3249.16071429	3034.20820189	3680.02469136	3281.08256881	3944.12903226	4063.375	3662.59183673	3873.38861386	3620.29262087	3999.87581699	3360.77777778	3639.32397959	3380.16400911	3259.61320755	n/a
alpha_rarefaction_40006_3.txt	40006	3	4359.35662651	3198.28093645	3795.76829268	3348.02525253	3441.62439024	3900.96246649	n/a	3346.32544379	3182.88169014	3387.68333333	3502.42105263	3653.99511002	3738.40992167	3535.16080402	4006.06628242	3270.25944584	3060.485623	3603.28669725	3335.0297619	3994.27380952	4140.41479821	3578.40482574	3797.95652174	3671.81538462	4046.31177829	3320.0974212	3687.00271003	3379.89726027	3193.01759531	n/a
alpha_rarefaction_40006_4.txt	40006	4	4556.91168831	3131.57053292	3723.08	3288.0388601	3467.51724138	3936.04132231	n/a	3253.32478632	3329.46296296	3471.85626911	3570.89690722	3672.05263158	3677.79558011	3421.10514019	3747.17257683	3335.4535809	2941.61206897	3605.1567696	3367.54294479	3891.38235294	4203.55172414	3565.82124352	3922.87598945	3594.19414894	4262.62597403	3312.35324675	3588.86934673	3384.26940639	3244.0625	n/a
alpha_rarefaction_40006_5.txt	40006	5	4329.47772277	3028.42088608	3756.10311751	3194.29899497	3480.22524752	3749.22065728	n/a	3392.46280992	3344.02985075	3283.2892562	3660.3686747	3558.62009804	3718.63636364	3494.28467153	3735.18095238	3289.37595908	2939.47928994	3550.39583333	3299.48	3806.82014388	4124.73684211	3498.08933002	3911.76884422	3786.11267606	4033.0915493	3233.80428954	3632.76762402	3385.26940639	3029.42977528	n/a
alpha_rarefaction_40006_6.txt	40006	6	4152.11161731	3116.74757282	3743.18475751	3331.00763359	3490.02493766	3799.02469136	n/a	3321.14876033	3327.61764706	3429.38244514	3584.54229935	3655.8957346	3773.01149425	3464.94871795	3813.16935484	3327.55223881	3064.32407407	3587.01459854	3186.2462908	3815.45652174	4196.15777262	3560.91968912	3764.68704156	3598.74055416	4049.36160714	3365.53651685	3642.1155914	3376.63157895	3233.28571429	n/a
alpha_rarefaction_40006_7.txt	40006	7	4155.12240185	3106.95522388	3702.94638695	3199.60431655	3678.34231806	3763.8984375	n/a	3243.04054054	3312.47949527	3287.92035398	3556.34446764	3803.24874372	3728.408	3445.80049261	3676.08510638	3306.33164557	2965.22131148	3694.24069479	3354.46461538	3677.28985507	4141.16511628	3390.89655172	3693.78199052	3621.34739454	4089.50341686	3402.82898551	3594.56806283	3372.72727273	3072.1037464	n/a
alpha_rarefaction_40006_8.txt	40006	8	4362.53789731	3155.378125	3758.70289855	3332.57178218	3493.35324675	3940.62924282	n/a	3321.36260623	3238.62608696	3412.50581395	3579.47682119	3685.82070707	3531.2905569	3380.0	3656.25547445	3377.04	2960.34234234	3568.1598063	3294.40869565	3831.99244332	3853.47019868	3649.58823529	3759.35971223	3664.51968504	3931.12587413	3266.38418079	3558.56327543	3367.56433409	3238.50479233	n/a
alpha_rarefaction_40006_9.txt	40006	9	4249.96287703	3175.5686901	3705.0467706	3288.16836735	3503.16216216	3792.01530612	n/a	3228.55851064	3284.99411765	3339.32294618	3664.91588785	3837.27717391	3625.57462687	3525.96124031	3570.33251834	3357.0027027	2923.06413994	3676.02015113	3293.15133531	3815.4781491	4019.09698276	3531.50408719	3770.67447307	3605.55699482	3868.25531915	3306.00268817	3705.83663366	3373.26544622	3285.22508039	n/a
alpha_rarefaction_50005_0.txt	50005	0	4775.00236407	3324.54682779	3873.01339286	3363.75700935	3658.64788732	3977.46803653	n/a	3496.98618785	3637.90825688	3463.99152542	3648.38253638	3957.21980676	3956.13613861	3769.14030612	3904.97129187	3486.47979798	3107.54733728	3779.36781609	3398.54046243	4119.68649886	4311.28232759	3760.76566757	3928.0	3776.32227488	4201.94570136	3401.28	3691.01435407	n/a	3393.79646018	n/a
alpha_rarefaction_50005_1.txt	50005	1	4455.63362069	3177.56047198	3961.86453202	3358.75233645	3756.28169014	3965.10672854	n/a	3521.29301075	3332.85751979	3535.70731707	3636.86983471	3900.70731707	3852.51824818	3601.27906977	3847.06603774	3403.48067633	3149.28318584	3823.98194131	3290.0	4030.98594848	4303.31473214	3734.80719794	3965.01635514	3952.51578947	4235.0155902	3524.35978836	3847.1505102	n/a	3348.25225225	n/a
alpha_rarefaction_50005_2.txt	50005	2	4660.28472222	3288.48837209	4028.18571429	3397.74065421	3733.34645669	3979.38848921	n/a	3479.34417344	3575.87965616	3578.77932961	3657.89330544	4141.49360614	3891.48429319	3622.46004843	3865.98026316	3456.39655172	3112.59942363	3718.69525959	3466.36	3964.94312796	4219.39030023	3729.40159574	3895.25641026	3726.01113586	4328.54449153	3378.695	3583.35915493	n/a	3324.82985075	n/a
alpha_rarefaction_50005_3.txt	50005	3	4661.58962264	3215.28688525	3876.63741339	3479.05343511	3645.29251701	3944.88235294	n/a	3509.82633053	3402.90277778	3572.05444126	3739.75974026	3980.34037559	3891.60253165	3679.65316456	3791.85874439	3417.715	3099.47674419	3759.24881517	3412.74594595	3810.15604396	4263.32692308	3731.50793651	3864.6302521	3818.20103093	4132.48329621	3546.17098446	3767.34536082	n/a	3340.3836858	n/a
alpha_rarefaction_50005_4.txt	50005	4	4691.48448687	3315.76966292	3807.96666667	3369.30166271	3816.6070529	4027.30843373	n/a	3398.17460317	3575.48137536	3658.71987952	3716.67956989	3838.24475524	3699.4841629	3690.42685851	3913.0	3377.76600985	3067.29041096	3725.4137931	3456.05932203	4087.84328358	4281.08370044	3642.33915212	3977.90846682	3728.24361949	4337.36879433	3467.04	3716.38861386	n/a	3391.09792285	n/a
alpha_rarefaction_50005_5.txt	50005	5	4576.36774194	3170.9	3897.3627685	3418.43099274	3747.02409639	4078.85820896	n/a	3454.62125341	3336.2601626	3578.90462428	3631.60460251	3958.49278846	3839.69806763	3625.10416667	3729.248394	3383.20481928	3068.82882883	3793.0	3411.27777778	4016.68027211	4396.56375839	3610.00488998	4138.93842365	3761.66506024	4117.60393873	3462.41714286	3782.64864865	n/a	3281.2892562	n/a
alpha_rarefaction_50005_6.txt	50005	6	4522.39832285	3222.00833333	3880.04783599	3354.4569378	3779.69811321	4111.11971831	n/a	3440.05614973	3325.456	3746.64035088	3723.11738149	3911.96984925	3683.39344262	3687.10513447	4016.69306931	3407.34963325	3121.26011561	3768.73890339	3459.08196721	3932.35581395	4258.37554585	3654.97831325	4014.70212766	3808.65763547	4169.13836478	3389.32697548	3770.8957346	n/a	3295.12931034	n/a
alpha_rarefaction_50005_7.txt	50005	7	4495.84632035	3344.07717042	3780.10961969	3393.47721823	3603.64335664	4031.87264151	n/a	3444.56910569	3325.74393531	3479.19834711	3638.2185567	3934.88028169	4023.72279793	3588.12880562	3929.37745098	3434.25944584	3183.53943218	3738.59310345	3395.0078125	3979.22222222	4248.89579158	3854.37765957	3901.44025157	3806.8957346	4209.76344086	3632.15041783	3870.01007557	n/a	3226.26300578	n/a
alpha_rarefaction_50005_8.txt	50005	8	4538.35483871	3163.00287356	3893.74680851	3411.88943489	3623.59529412	3908.76412776	n/a	3380.28165375	3456.79883382	3560.64705882	3644.0989011	3905.86956522	3739.3646789	3687.425	3804.0	3510.27506427	2994.15591398	3728.81609195	3571.13832853	4027.01204819	4256.31057269	3708.97172237	4026.55097614	3814.21303258	4293.18240343	3461.07608696	3804.79328165	n/a	3352.64819945	n/a
alpha_rarefaction_50005_9.txt	50005	9	4538.38970588	3290.66773163	4058.26056338	3436.70229008	3747.00240385	4006.15970516	n/a	3541.07514451	3284.32432432	3512.4047619	3662.49578059	3862.27459954	3953.79683377	3660.71046229	3869.50724638	3419.55025126	3068.05769231	3679.61348315	3391.17322835	4088.36720554	4333.97272727	3659.35180723	3960.96527778	3934.22222222	4267.68421053	3509.29691877	3819.32850242	n/a	3334.16034985	n/a
alpha_rarefaction_60004_0.txt	60004	0	4687.97368421	3397.61206897	4043.92948718	n/a	3755.48267898	4327.5	n/a	3629.07197943	3480.93103448	3597.07567568	3730.62577963	4048.5106383	3983.21323529	3701.27292576	3879.67515924	3499.36930456	n/a	3851.88362069	3425.7039801	4241.65033408	4394.07594937	3833.0	4125.11627907	3861.13063063	4420.97379913	3604.02645503	4069.25247525	n/a	3417.0	n/a
alpha_rarefaction_60004_1.txt	60004	1	4851.484375	3343.54441261	3982.49685535	n/a	3837.2	4273.36492891	n/a	3487.6319797	3533.2275	3719.15223097	3740.76229508	4079.88888889	3938.32692308	3706.73509934	4028.7360515	3460.46135831	n/a	3841.83150985	3558.79575597	4251.64335664	4414.09635974	3757.94471154	4134.98898678	3986.35714286	4527.28787879	3564.85714286	3940.14634146	n/a	3418.52631579	n/a
alpha_rarefaction_60004_2.txt	60004	2	4770.99082569	3307.71653543	4075.02150538	n/a	3846.39041096	4095.06008584	n/a	3581.0	3624.64864865	3761.36283186	3740.77083333	3962.50547046	4087.49635036	3743.15420561	3893.34615385	3487.95081967	n/a	3825.18831169	3520.0	4309.97051597	4420.02070393	3813.0075188	4073.05919662	3933.03480278	4468.21181263	3594.0972973	3859.27459954	n/a	3445.81967213	n/a
alpha_rarefaction_60004_3.txt	60004	3	4731.2962963	3367.20911528	4035.31050228	n/a	3850.32311321	4083.38084633	n/a	3674.53846154	3590.47905759	3760.71714286	3751.55809129	4036.91588785	3932.91441441	3574.73236515	3969.2147651	3439.24170616	n/a	3887.72727273	3402.88585608	4255.13603819	4374.2297593	3882.95454545	4167.66367713	3918.0483871	4481.7254902	3572.50252525	3745.19419643	n/a	3498.00303951	n/a
alpha_rarefaction_60004_4.txt	60004	4	4831.70386266	3436.63953488	4040.0	n/a	3837.66896552	4222.50116009	n/a	3519.50738916	3573.14876033	3725.25	3737.0	3973.6509434	3888.87906977	3819.12761021	3968.31543624	3519.05980861	n/a	3859.62937063	3590.23214286	4303.90277778	4450.0745614	3829.00248756	4078.4595186	4022.42889391	4405.31416838	3607.09677419	3853.03480278	n/a	3314.43264249	n/a
alpha_rarefaction_60004_5.txt	60004	5	4772.32532751	3283.52777778	4119.06636156	n/a	3937.94264339	4256.19767442	n/a	3491.85964912	3650.05307263	3624.81453634	3732.15051546	4063.39583333	3819.72727273	3713.64269663	3969.06695464	3514.22352941	n/a	3955.08450704	3556.0	4195.35763098	4528.65486726	3799.1375	4099.21694215	4132.80451128	4475.44370861	3594.05555556	3961.14814815	n/a	3572.9880597	n/a
alpha_rarefaction_60004_6.txt	60004	6	4949.35526316	3459.77514793	4151.11805556	n/a	3903.94974874	4149.48	n/a	3691.83646113	3494.0691358	3576.89769821	3743.28125	4116.81343284	3962.79207921	3731.26636569	3916.29778672	3496.01438849	n/a	3902.97752809	3428.85751979	4257.4529148	4420.60130719	3838.13959391	4077.07610994	3992.49643705	4576.75217391	3618.97118156	4011.90274314	n/a	3379.27835052	n/a
alpha_rarefaction_60004_7.txt	60004	7	4857.82832618	3241.04438642	3951.52531646	n/a	3927.2905569	4120.13807531	n/a	3654.22033898	3528.04724409	3675.30213904	3735.29303279	4041.8630137	4001.00678733	3737.21814255	4137.90780142	3479.65492958	n/a	3802.29345372	3503.0	4215.19811321	4304.95874263	3792.62009804	4232.28275862	3970.80352645	4434.47058824	3601.94029851	3888.2739726	n/a	3396.25348189	n/a
alpha_rarefaction_60004_8.txt	60004	8	4792.26021505	3313.58244681	4070.0	n/a	3937.21867322	4158.90909091	n/a	3573.4822335	3594.19083969	3560.21727019	3743.51244813	4188.1209068	4072.06097561	3675.43076923	3988.30912863	3540.73580247	n/a	3827.17724289	3573.85526316	4059.38157895	4494.46017699	3807.0	4103.03432494	3928.19806763	4393.09221311	3609.20833333	4064.91725768	n/a	3509.03098592	n/a
alpha_rarefaction_60004_9.txt	60004	9	4708.41333333	3469.16176471	4128.46241458	n/a	3732.88470588	4327.06619385	n/a	3558.02673797	3612.24728261	3622.09549072	3743.37888199	4060.81145585	3951.02320186	3768.10588235	3952.42105263	3439.33098592	n/a	3862.01982379	3594.86472149	4237.43055556	4508.22826087	3851.70588235	4205.00849257	3915.00688073	4463.68432203	3608.52054795	4050.33658537	n/a	3554.23030303	n/a
alpha_rarefaction_70003_0.txt	70003	0	4893.94478528	3425.3515625	4205.8630137	n/a	3894.80607477	4222.57620042	n/a	3597.22047244	3805.37564767	3764.11749347	n/a	4176.57369615	3980.77704194	3844.44420601	4046.4	n/a	n/a	3969.82232346	3708.59689922	4324.07675906	4565.99398798	n/a	4418.85778781	4005.18013857	4655.59602649	3765.40691489	4058.16546763	n/a	3448.55361596	n/a
alpha_rarefaction_70003_1.txt	70003	1	4959.99785408	3389.87466667	4261.33489461	n/a	4000.44811321	4302.36305732	n/a	3796.96428571	3624.23273657	3740.80428954	n/a	4351.20481928	4075.30769231	3786.43225806	4068.55652174	n/a	n/a	4015.59310345	3596.55662651	4378.93039443	4621.03030303	n/a	4179.62893082	3966.64269663	4646.85526316	3691.0	4100.39268293	n/a	3558.07563025	n/a
alpha_rarefaction_70003_2.txt	70003	2	5041.23413567	3427.13541667	4217.91855204	n/a	3913.56375839	4281.35214447	n/a	3644.03970223	3802.60869565	3699.11658031	n/a	4236.32624113	4169.03066038	3765.62939959	4036.6809816	n/a	n/a	3954.51304348	3607.43842365	4374.64383562	4557.21516393	n/a	4268.94360087	4210.66504854	4652.82655246	3848.60458453	3925.11134904	n/a	3614.46049046	n/a
alpha_rarefaction_70003_3.txt	70003	3	4977.68134172	3625.425	4203.62727273	n/a	4074.02309469	4291.36695279	n/a	3606.28822055	3637.08977556	3815.38395415	n/a	4146.80875576	4029.24137931	3838.69365427	4079.09615385	n/a	n/a	4026.13181818	3550.69230769	4393.30751708	4680.79609544	n/a	4191.84057971	4032.10321101	4754.3164557	3940.3220339	4054.80291971	n/a	3491.01634877	n/a
alpha_rarefaction_70003_4.txt	70003	4	5016.14861996	3559.31267606	4227.56473214	n/a	3886.18577982	4222.84407484	n/a	3767.78074866	3739.28346457	3807.8125	n/a	4194.29698376	3971.11764706	3801.62105263	4051.57111597	n/a	n/a	3981.62555066	3592.03947368	4263.59100642	4577.02105263	n/a	4246.46855984	4045.34304933	4727.10625	3722.09375	4080.65023474	n/a	3550.096	n/a
alpha_rarefaction_70003_5.txt	70003	5	5114.62579281	3557.0280112	4254.37385321	n/a	4013.13189448	4473.65848214	n/a	3815.01550388	3765.74055416	3786.30927835	n/a	4099.06334842	4087.08163265	3835.58078603	4097.5	n/a	n/a	3994.71812081	3635.03916449	4417.05543237	4619.0	n/a	4278.2494382	4030.79054054	4608.397463	3749.04132231	4155.09725686	n/a	3603.56410256	n/a
alpha_rarefaction_70003_6.txt	70003	6	4974.13426854	3448.02072539	4251.19825708	n/a	3975.00699301	4358.39207048	n/a	3669.43846154	3766.67101828	3943.48739496	n/a	4112.57819905	3959.58552632	3839.64453961	4113.01531729	n/a	n/a	4000.72727273	3661.02583979	4339.33626374	4515.11702128	n/a	4234.19569892	3986.95982143	4690.43640351	3727.17983651	4171.93643032	n/a	3550.05292479	n/a
alpha_rarefaction_70003_7.txt	70003	7	5006.65207877	3502.0026455	4262.20235294	n/a	4044.03554502	4376.47689076	n/a	3632.75182482	3600.03759398	3801.68376068	n/a	4230.41573034	4080.45563549	3887.81415929	4015.8435518	n/a	n/a	3988.025	3610.05526316	4177.09734513	4635.99097065	n/a	4034.28513238	4032.4767184	4596.88594705	3793.13114754	4019.62836186	n/a	3552.51771117	n/a
alpha_rarefaction_70003_8.txt	70003	8	4979.48041237	3413.52197802	4102.19175258	n/a	3877.15604396	4299.13469388	n/a	3745.0255102	3660.21822542	3804.09090909	n/a	4240.89130435	4010.08277405	3840.96774194	4047.97002141	n/a	n/a	3933.24468085	3621.46594005	4294.25480769	4510.71679688	n/a	4202.09803922	4107.70257611	4615.97268908	3879.19944598	4166.53694581	n/a	3673.23076923	n/a
alpha_rarefaction_70003_9.txt	70003	9	4856.71255061	3579.43283582	4104.97268908	n/a	4033.0	4379.48565121	n/a	3704.456	3673.03045685	3825.6871345	n/a	4110.95981087	4032.26419214	3844.8380744	4194.82173913	n/a	n/a	4020.08482143	3610.03896104	4251.73361522	4613.75974026	n/a	4224.0974026	4051.28503563	4437.98484848	3600.13471503	4028.28301887	n/a	3451.00767263	n/a
alpha_rarefaction_80002_0.txt	80002	0	5078.65	3588.05614973	4268.08421053	n/a	3996.18722467	4465.52317881	n/a	3758.72881356	3766.2152231	3790.24937028	n/a	4262.07809111	4277.03571429	3930.86708861	4080.862	n/a	n/a	n/a	3774.11597938	4357.90105263	4629.93061224	n/a	4448.42105263	4246.23648649	4712.13017751	3875.25274725	4199.01354402	n/a	3529.22760291	n/a
alpha_rarefaction_80002_1.txt	80002	1	4941.25482625	3486.03278689	4444.42361111	n/a	3996.7597254	4369.94704684	n/a	3786.83415842	3673.66666667	3962.77111717	n/a	4354.06896552	4181.16299559	3894.88771186	4091.24547284	n/a	n/a	n/a	3785.27202073	4425.36305732	4561.95384615	n/a	4362.03171247	4093.80652174	4641.00601202	3847.84487535	4195.07638889	n/a	3543.74594595	n/a
alpha_rarefaction_80002_2.txt	80002	2	5330.67381974	3519.21303258	4248.02136752	n/a	4045.4793578	4439.16157205	n/a	3731.80246914	3909.95811518	3903.16256158	n/a	4389.72684086	4204.20588235	3910.44142259	4127.72766885	n/a	n/a	n/a	3793.00253165	4469.11853448	4662.34274194	n/a	4288.53740157	4136.24944321	4582.66023166	3827.28808864	4204.93853428	n/a	3506.00769231	n/a
alpha_rarefaction_80002_3.txt	80002	3	5212.4619883	3511.37007874	4246.95394737	n/a	4021.25056433	4366.00641026	n/a	3689.34243176	3846.85194175	3818.0201005	n/a	4203.90794979	4166.57270694	3928.04347826	4098.7047817	n/a	n/a	n/a	3755.61764706	4319.55876289	4613.31147541	n/a	4352.07317073	4025.18828452	4723.50803213	3887.84916201	4227.5816092	n/a	3586.06763285	n/a
alpha_rarefaction_80002_4.txt	80002	4	5118.80208333	3535.90721649	4187.29192547	n/a	4035.2781457	4342.08249497	n/a	3692.22409639	3737.22864322	3894.35416667	n/a	4276.04625551	4170.47511312	3913.04103672	4052.92168675	n/a	n/a	n/a	3615.56338028	4514.21973094	4711.64516129	n/a	4285.7047817	4155.27210884	4605.05747126	3946.25714286	4060.39159292	n/a	3600.27559055	n/a
alpha_rarefaction_80002_5.txt	80002	5	5375.36086957	3542.04155125	4335.23281596	n/a	4103.95081967	4401.01242236	n/a	3825.09326425	3770.09848485	3824.94264339	n/a	4190.84368308	4194.00689655	3909.80645161	4211.95217391	n/a	n/a	n/a	3740.09183673	4399.92272727	4660.43177189	n/a	4414.03112033	4143.20734341	4725.89956332	3777.70769231	4175.12528474	n/a	3651.65306122	n/a
alpha_rarefaction_80002_6.txt	80002	6	5233.42588727	3625.05570292	4247.94978166	n/a	4048.63551402	4368.00212766	n/a	3744.02415459	3802.51219512	3853.16582915	n/a	4245.41394336	4188.17808219	3893.40677966	4142.8875	n/a	n/a	n/a	3660.56968215	4462.00638298	4674.66598361	n/a	4313.02057613	4148.30839002	4699.82386364	3764.81185567	4017.26027397	n/a	3567.79575597	n/a
alpha_rarefaction_80002_7.txt	80002	7	5006.05283757	3556.0	4390.10672854	n/a	4063.72463768	4329.84759916	n/a	3913.02597403	3753.44917258	3794.39552239	n/a	4383.6495098	4318.15403423	3894.11752137	4205.41983122	n/a	n/a	n/a	3787.59090909	4655.97169811	4726.625	n/a	4421.04867257	4017.66810345	4685.38696538	3902.40869565	4088.48427673	n/a	3600.20526316	n/a
alpha_rarefaction_80002_8.txt	80002	8	4980.78156313	3504.68030691	4295.49784483	n/a	4025.25056433	4317.12525667	n/a	3821.11627907	3855.5	3933.52659574	n/a	4339.56097561	4235.14666667	3930.0625	4142.14285714	n/a	n/a	n/a	3621.18837209	4558.34782609	4642.39484127	n/a	4267.6988189	4082.85900217	4666.04233871	3736.89873418	4222.81395349	n/a	3544.95886889	n/a
alpha_rarefaction_80002_9.txt	80002	9	4968.07602339	3507.58333333	4242.95394737	n/a	4244.88511749	4342.22176591	n/a	3719.73594132	3738.5812357	3864.90514905	n/a	4158.5581854	4171.27973568	3861.35714286	4156.98765432	n/a	n/a	n/a	3701.6495098	4462.22875817	4624.88212181	n/a	4136.9373814	4237.04028436	4820.44959677	3891.62125341	4150.01372998	n/a	3656.81743869	n/a
alpha_rarefaction_90001_0.txt	90001	0	5158.50687623	3476.23529412	4402.80503145	n/a	4146.47619048	4489.21649485	n/a	3866.83870968	3821.64540816	4011.64705882	n/a	4404.20044053	4284.72706935	n/a	4164.52057613	n/a	n/a	n/a	3696.73317308	4622.84494382	4660.80670611	n/a	4349.52147239	4135.90605428	4735.23287671	3966.62125341	4486.80445545	n/a	3595.48628429	n/a
alpha_rarefaction_90001_1.txt	90001	1	5186.40115163	3534.06341463	4473.11956522	n/a	4154.738041	4440.84937238	n/a	3844.74125874	3826.25362319	3868.24205379	n/a	4439.17594655	4304.23648649	n/a	4165.61980198	n/a	n/a	n/a	3704.45581395	4411.397463	4782.1242485	n/a	4508.0712743	4131.85010267	4629.61985019	3927.04021448	4189.21428571	n/a	3619.89294404	n/a
alpha_rarefaction_90001_2.txt	90001	2	5305.58015267	3582.2	4456.56726457	n/a	4122.04054054	4532.01244813	n/a	3921.26184539	3890.67647059	3951.00255102	n/a	4362.24737945	4217.82751092	n/a	4149.36820926	n/a	n/a	n/a	3785.49122807	4581.87162162	4738.96473029	n/a	4386.50588235	4143.25	4777.05645161	3980.39017341	4231.34151786	n/a	3610.26030928	n/a
alpha_rarefaction_90001_3.txt	90001	3	5528.91053678	3611.02072539	4422.97689076	n/a	4131.72897196	4489.35490196	n/a	3944.27202073	3955.60869565	3997.71428571	n/a	4409.69178082	4134.31330472	n/a	4176.17463617	n/a	n/a	n/a	3841.92420538	4455.08053691	4759.66735113	n/a	4351.18674699	4177.81069042	4817.21042084	4016.92162162	4388.69107551	n/a	3651.50666667	n/a
alpha_rarefaction_90001_4.txt	90001	4	5143.04945055	3463.2	4494.93918919	n/a	4109.72131148	4488.42596349	n/a	3772.47743468	3910.72868217	3990.84196891	n/a	4358.04697987	4257.62727273	n/a	4206.93970894	n/a	n/a	n/a	3722.38732394	4508.04635762	4848.02053388	n/a	4551.16049383	4236.02320186	4755.96768061	3980.24043716	4276.2	n/a	3665.60949868	n/a
alpha_rarefaction_90001_5.txt	90001	5	5274.27272727	3530.41293532	4361.6875	n/a	4131.36705882	4512.0443038	n/a	3980.75263158	3903.39205955	3843.62291169	n/a	4389.55244755	4144.3164557	n/a	4144.72055888	n/a	n/a	n/a	3722.18837209	4523.0021692	4691.09163347	n/a	4491.29347826	4205.08974359	4796.01181102	3949.63013699	4426.65462754	n/a	3666.55263158	n/a
alpha_rarefaction_90001_6.txt	90001	6	5411.68359375	3531.90023202	4315.46341463	n/a	4071.38724374	4536.70305677	n/a	3799.23614458	3817.54524362	4090.78787879	n/a	4254.22826087	4249.72222222	n/a	4139.27586207	n/a	n/a	n/a	3811.09489051	4429.07826087	4851.26984127	n/a	4431.1656051	4183.38559322	4830.95092025	4073.50280899	4303.80693069	n/a	3650.26683292	n/a
alpha_rarefaction_90001_7.txt	90001	7	5104.05283757	3566.92424242	4460.00215517	n/a	4165.96511628	4611.40174672	n/a	3919.0530303	3990.6691358	4011.75263158	n/a	4346.31120332	4229.9379015	n/a	4148.58266129	n/a	n/a	n/a	3716.51463415	4526.1995614	4727.73894737	n/a	4400.22465209	4175.36752137	4742.9668616	4061.91836735	4218.17073171	n/a	3644.33333333	n/a
alpha_rarefaction_90001_8.txt	90001	8	5386.16538462	3459.79856115	4281.2484472	n/a	4104.75471698	4282.61152416	n/a	3933.27415144	3868.02398082	3951.98067633	n/a	4388.00220751	4279.24115044	n/a	4149.9691358	n/a	n/a	n/a	3779.62195122	4484.39915966	4748.94642857	n/a	4376.82956879	4149.92750533	4782.12992126	3885.09549072	4268.24822695	n/a	3686.1462766	n/a
alpha_rarefaction_90001_9.txt	90001	9	5712.25531915	3533.63373494	4421.11930586	n/a	4142.83526682	4571.03006012	n/a	3814.94117647	3813.42004264	3882.7060241	n/a	4418.46460177	4169.29677419	n/a	4180.52941176	n/a	n/a	n/a	3670.67695962	4602.91333333	4888.60130719	n/a	4349.7625	4213.35172414	4681.66462168	3960.87601078	4299.48165138	n/a	3720.05483029	n/a
alpha_rarefaction_100000_0.txt	100000	0	5517.00192308	3571.05104408	4460.91719745	n/a	4176.0137931	4573.66735113	n/a	4014.07197943	3897.38479263	4203.80901857	n/a	4371.90191898	4279.60215054	n/a	n/a	n/a	n/a	n/a	3797.28978622	4584.32692308	4944.2851153	n/a	4614.0204499	4175.76970954	4827.66023166	4153.94428152	4327.28099174	n/a	3717.05076142	n/a
alpha_rarefaction_100000_1.txt	100000	1	5411.92514395	3536.43835616	4419.98767967	n/a	4211.55244755	4593.49023438	n/a	3951.08716707	3924.49528302	4066.77922078	n/a	4586.28139535	4341.01113586	n/a	n/a	n/a	n/a	n/a	3862.43099274	4670.11752137	4930.16386555	n/a	4598.02070393	4220.85835095	4862.14203455	3986.12195122	4455.60655738	n/a	3739.85301837	n/a
alpha_rarefaction_100000_2.txt	100000	2	5635.92638037	3585.49160671	4457.33891213	n/a	4190.87981859	4621.18609407	n/a	3978.42964824	3918.0864486	4090.0525	n/a	4412.00431965	4270.56779661	n/a	n/a	n/a	n/a	n/a	3802.06067961	4735.63559322	4890.71341463	n/a	4463.25198413	4246.53191489	4985.0019084	4091.07977208	4293.10714286	n/a	3769.1510989	n/a
alpha_rarefaction_100000_3.txt	100000	3	5398.75337187	3591.6746988	4515.02183406	n/a	4188.16933638	4533.22465209	n/a	3922.35910224	3964.22303922	4117.91666667	n/a	4500.0	4274.80645161	n/a	n/a	n/a	n/a	n/a	3787.51162791	4527.81632653	4833.6872428	n/a	4608.0307377	4282.44420601	4775.20074349	4076.98607242	4455.05227273	n/a	3668.45185185	n/a
alpha_rarefaction_100000_4.txt	100000	4	5370.42105263	3621.68181818	4517.06100218	n/a	4169.19909502	4482.00194175	n/a	3996.26315789	3963.93564356	3951.02525253	n/a	4365.56057495	4325.06222222	n/a	n/a	n/a	n/a	n/a	3805.72941176	4613.17180617	4858.72371134	n/a	4492.94545455	4262.01298701	4983.99001996	3982.008	4372.5372093	n/a	3774.97172237	n/a
alpha_rarefaction_100000_5.txt	100000	5	5365.84415584	3629.94230769	4426.00205761	n/a	4203.44315545	4691.92537313	n/a	3980.47619048	3943.02380952	4075.25362319	n/a	4451.52783505	4286.90638298	n/a	n/a	n/a	n/a	n/a	3873.60436893	4604.36460554	4973.02982107	n/a	4472.49119374	4275.99561404	4817.87360595	4007.51490515	4418.2	n/a	3797.00263852	n/a
alpha_rarefaction_100000_6.txt	100000	6	5464.73134328	3573.59529412	4437.30290456	n/a	4191.95890411	4606.82020202	n/a	3938.0278481	3964.4679803	4073.48806366	n/a	4494.19198312	4308.79569892	n/a	n/a	n/a	n/a	n/a	3885.82512315	4699.09292035	4782.6484375	n/a	4475.80555556	4223.46103896	4833.71537002	4164.79228487	4475.85520362	n/a	3672.16120907	n/a
alpha_rarefaction_100000_7.txt	100000	7	5405.76879699	3629.97831325	4450.24210526	n/a	4176.94063927	4583.31496063	n/a	3940.49122807	3900.09669811	4102.5535248	n/a	4548.2262931	4323.40174672	n/a	n/a	n/a	n/a	n/a	3861.84615385	4813.03448276	4985.33757962	n/a	4545.88957055	4262.52025586	4797.49425287	3959.0027027	4415.79411765	n/a	3796.3715847	n/a
alpha_rarefaction_100000_8.txt	100000	8	5540.45725646	3627.44202899	4441.36708861	n/a	4175.53530752	4572.13793103	n/a	3947.82962963	3927.05	4088.12403101	n/a	4434.95661157	4361.48	n/a	n/a	n/a	n/a	n/a	3780.43548387	4796.31896552	4819.20481928	n/a	4469.33333333	4312.56919643	4767.14869888	4075.90909091	4294.53263158	n/a	3718.66066838	n/a
alpha_rarefaction_100000_9.txt	100000	9	5631.77351248	3679.99255583	4430.30290456	n/a	4215.6774942	4512.06496063	n/a	3969.69172932	3795.61981567	4259.53225806	n/a	4505.14537445	4307.4298441	n/a	n/a	n/a	n/a	n/a	3811.375	4641.04545455	4853.13924051	n/a	4587.02061856	4246.554371	4807.47572816	4050.60629921	4324.70127119	n/a	3730.11340206	n/a