	sequences per sample	iteration	515rcbc12	515rcbc21	515rcbc17	515rcbc34	515rcbc33	515rcbc31	515rcbc20	515rcbc15	515rcbc26	515rcbc22	515rcbc37	515rcbc24	515rcbc18	515rcbc35	515rcbc11	515rcbc27	515rcbc13	515rcbc23	515rcbc32	515rcbc16	515rcbc19	515rcbc9	515rcbc30	515rcbc28	515rcbc29	515rcbc14	515rcbc10	515rcbc8	515rcbc25	515rcbc36
alpha_rarefaction_10_0.txt	10	0	3.30887	2.46758	2.75436	2.49515	2.87605	2.93	3.42055	2.37708	3.91577	2.97885	2.7186	3.50104	2.95685	3.41204	2.79197	3.56674	3.04403	3.32232	2.96299	4.00653	3.81848	3.16485	3.30731	2.13251	3.5919	2.70942	3.05482	3.14844	2.74056	2.85791
alpha_rarefaction_10_1.txt	10	1	3.02735	2.5731	3.01199	3.66975	2.62634	4.16109	2.64512	2.29456	3.57335	3.03266	3.60496	2.28661	3.13535	3.36433	2.27692	2.98407	2.61672	3.30018	3.16155	2.38215	3.08839	3.26049	3.71954	3.39237	3.51779	2.50949	3.84254	3.13534	3.00062	2.99694
alpha_rarefaction_10_2.txt	10	2	3.35906	3.47372	3.64569	3.25991	2.37613	3.12562	2.79337	2.85236	2.85712	3.17263	3.00027	3.13682	3.06919	3.18271	2.70046	3.02005	3.71496	3.15879	2.56346	3.43975	2.94921	2.77728	2.29817	3.63442	3.66923	2.23657	2.24924	3.07845	3.09985	3.01353
alpha_rarefaction_10_3.txt	10	3	2.96852	2.93443	3.10051	3.11063	2.439	2.85559	3.55866	2.91402	3.10004	2.99474	2.75863	2.84415	2.85523	2.84822	2.64605	2.61628	3.60248	3.4294	2.61071	3.18294	2.14009	2.88944	3.66893	2.1999	2.24437	2.94632	2.07034	3.8704	2.44228	3.19458
alpha_rarefaction_10_4.txt	10	4	2.93353	2.90968	2.90947	2.77017	2.65729	2.56148	2.69605	2.73874	3.25737	3.25339	3.52569	3.20122	3.26651	2.63038	2.68272	3.86317	3.0628	3.05615	2.92069	3.39171	3.39517	3.02832	3.45186	3.49257	2.8595	3.18494	2.8844	3.41103	3.04817	2.53518
alpha_rarefaction_10_5.txt	10	5	2.47747	3.38218	3.54706	3.26361	2.37641	3.62075	3.56278	2.27242	3.00604	1.95922	2.58941	2.96394	3.18031	2.74068	2.92347	3.1251	3.01592	2.6942	2.24207	2.79231	4.1032	4.52172	3.46292	2.80129	3.74748	3.00338	2.67869	2.90627	3.17974	3.02249
alpha_rarefaction_10_6.txt	10	6	3.58245	2.59539	3.03985	3.36087	2.47373	2.93986	3.40871	2.51133	3.43924	2.35766	3.0308	2.8342	2.94783	3.11223	2.97229	3.02691	2.92548	3.52476	3.28048	3.1382	2.27714	2.97492	3.95132	3.54062	3.36049	2.27085	2.77351	3.30981	3.25979	3.06308
alpha_rarefaction_10_7.txt	10	7	2.58788	3.0602	2.5495	3.05263	2.61179	3.12016	2.37927	3.36669	2.31246	3.12527	3.70676	2.6171	2.80289	2.47753	2.64115	2.85966	2.46955	3.37115	2.24854	3.31897	3.47235	3.341	2.42392	3.36518	3.21483	2.73967	2.77523	2.90669	2.93389	2.97048
alpha_rarefaction_10_8.txt	10	8	3.03694	2.77715	4.04414	2.51233	2.4788	2.46688	2.88894	2.84782	2.75136	2.44238	3.26432	3.15794	2.75603	2.39546	3.34214	2.81939	2.93499	3.042	2.89864	2.83867	3.50707	3.16827	3.16673	3.12349	2.54803	2.81242	3.2844	3.08564	2.26642	2.2707
alpha_rarefaction_10_9.txt	10	9	2.73794	3.49266	2.89384	2.89474	3.37024	3.03201	2.81088	2.00259	2.68023	3.674	2.8783	3.17966	2.32368	2.448	2.73863	2.50665	2.52351	3.48471	3.11471	2.59207	3.26989	3.0481	2.58777	3.30609	2.84592	2.83701	3.43957	2.77442	3.65151	3.11331
alpha_rarefaction_10009_0.txt	10009	0	95.72305	86.55739	91.73997	88.74913	87.47586	89.98766	n/a	87.97424	84.49204	88.70703	98.80749	93.02151	91.82506	87.93519	93.29752	89.60866	85.99352	92.60876	83.8128	93.33147	99.76217	93.28292	93.97208	92.34555	96.10012	88.47822	89.82557	92.86289	82.21503	83.67369
alpha_rarefaction_10009_1.txt	10009	1	96.10132	87.29119	89.46839	89.25433	90.87942	89.89605	n/a	85.17514	84.41496	85.5761	96.02754	94.09422	93.2314	90.83697	93.22655	90.23161	85.28119	92.7657	85.62496	92.69065	99.85475	93.47545	97.6252	90.1891	99.6561	90.17818	90.50129	92.88292	81.53867	80.62835
alpha_rarefaction_10009_2.txt	10009	2	96.12227	83.53951	89.65853	90.06163	89.59721	88.19432	n/a	85.05741	84.2503	89.51708	95.32172	91.31569	92.10573	88.72288	94.88201	90.15442	87.09085	92.66449	85.50871	90.86111	99.48999	93.62139	93.05104	93.38545	94.1508	89.97873	89.10213	92.39464	82.45356	81.61172
alpha_rarefaction_10009_3.txt	10009	3	95.58844	88.13338	92.0589	90.4318	90.53782	89.61888	n/a	86.27779	84.74837	88.87072	96.79466	92.83423	92.20312	91.42251	93.94158	90.45073	87.55624	94.20752	84.09759	92.52358	99.47089	93.50115	93.83773	91.62562	96.2423	89.27169	87.2755	95.78258	85.32619	83.01378
alpha_rarefaction_10009_4.txt	10009	4	95.00996	85.63167	92.171	91.46557	89.96744	90.59103	n/a	85.99148	81.52703	88.95874	94.05439	92.1259	91.91904	88.80468	93.12124	92.00854	87.58808	93.88437	85.37961	91.70136	97.52222	93.09884	94.86452	89.14003	99.06725	90.6849	91.47458	93.50971	83.04267	82.66059
alpha_rarefaction_10009_5.txt	10009	5	97.51098	87.25054	92.68709	89.90095	89.14235	91.02821	n/a	87.8916	82.04439	89.62294	96.10251	90.39286	91.69604	87.36217	92.24873	90.67328	87.11753	94.08952	85.17804	91.74408	98.80206	92.96998	94.23545	91.38808	99.49417	87.13696	88.57534	95.58494	83.29031	83.70765
alpha_rarefaction_10009_6.txt	10009	6	97.4255	85.26975	90.15164	87.85378	89.78581	90.12273	n/a	87.43741	83.45225	91.18758	97.26013	94.29801	92.40397	87.93714	93.78602	87.81293	87.42401	95.69645	86.48719	93.43483	99.92615	92.80981	93.20073	92.3252	97.09674	90.3117	88.71175	96.70167	81.45695	83.69364
alpha_rarefaction_10009_7.txt	10009	7	97.39506	82.14752	94.41657	88.2144	90.1207	91.19906	n/a	89.20212	84.3723	89.74091	97.82666	94.28311	91.86464	89.05715	93.73193	89.12238	86.08807	92.71143	84.39858	92.47165	99.90299	94.53927	94.53293	90.79893	95.90158	89.44864	89.97075	92.0378	84.1451	83.16326
alpha_rarefaction_10009_8.txt	10009	8	96.92303	85.47258	91.17977	89.01815	89.46603	91.28205	n/a	85.58893	84.6445	86.681	96.39077	93.69388	92.94747	87.77826	92.32054	91.51808	86.93719	92.89114	86.79305	92.4663	96.27668	93.70126	94.38322	92.3971	96.96844	88.65752	90.62738	94.3434	81.87642	82.32223
alpha_rarefaction_10009_9.txt	10009	9	94.50194	85.6177	93.41172	88.92337	90.6517	90.89569	n/a	86.58185	83.09163	89.54334	99.44525	91.76522	93.47091	87.71583	91.45849	91.08167	84.33137	96.13918	86.03057	91.83948	98.32074	92.37852	96.19506	89.78565	98.94935	88.92027	88.93711	94.79206	82.58229	82.00987
alpha_rarefaction_20008_0.txt	20008	0	119.5367	104.43437	115.8206	108.36498	110.95537	110.46658	n/a	105.91086	101.62656	108.04964	118.12553	115.71835	111.33543	112.69031	114.22319	109.91554	104.5666	113.55844	107.41088	114.03994	122.03934	113.94647	119.82042	112.52737	120.6242	106.45172	108.6477	112.36723	101.42664	99.66967
alpha_rarefaction_20008_1.txt	20008	1	116.87165	106.25052	113.85032	109.28288	109.48072	111.49873	n/a	105.0674	103.4092	105.96277	118.06764	112.51096	110.42215	113.77775	116.42106	109.18767	103.67221	115.89763	101.99857	114.12863	120.40615	113.35082	120.67213	112.33133	120.34779	107.82169	111.44555	114.51372	102.25358	102.84312
alpha_rarefaction_20008_2.txt	20008	2	119.80342	104.37749	116.46261	110.11841	109.11183	112.25163	n/a	106.08667	104.86505	108.12686	117.79847	115.92675	113.15981	110.1046	113.93809	110.08583	101.39417	112.95757	104.28699	113.07094	122.4295	112.62437	117.17614	116.79575	119.23102	108.72053	109.60338	114.05572	99.90966	102.39485
alpha_rarefaction_20008_3.txt	20008	3	116.45782	102.40851	113.33691	108.5905	108.82206	112.59474	n/a	105.33124	101.15885	107.91565	118.34696	111.65084	114.21793	109.93828	114.08945	108.63281	103.75368	113.86502	102.51847	115.68121	120.64403	114.94526	116.58083	113.66587	117.77363	107.79602	107.6293	112.38263	95.934	102.42329
alpha_rarefaction_20008_4.txt	20008	4	120.12148	103.66966	111.30315	107.77652	109.02527	112.26078	n/a	107.01065	101.97757	111.04014	118.00406	114.44555	110.97332	111.84355	115.12704	109.66456	105.28248	115.92682	104.21287	112.41457	116.46157	113.51758	120.23196	113.34869	120.52098	107.83002	107.55911	112.41029	97.99448	101.57975
alpha_rarefaction_20008_5.txt	20008	5	119.2192	100.68271	113.10798	110.10916	108.35014	111.17494	n/a	104.74128	104.25654	106.5591	118.96503	114.74734	113.44942	110.21148	113.88496	109.25697	102.92847	114.7318	105.04172	110.82083	122.17737	113.86354	116.13375	113.69419	119.85344	109.22793	109.47766	114.27914	99.86338	102.73537
alpha_rarefaction_20008_6.txt	20008	6	117.54676	104.57337	112.10001	109.55786	109.42205	111.45265	n/a	105.14786	104.86558	106.48433	118.33383	114.31092	112.80758	111.00048	114.52363	109.67355	103.88348	113.88286	105.40403	110.66344	122.57602	112.63035	118.64005	112.89479	119.15285	108.1583	109.83806	113.75972	99.9714	102.14613
alpha_rarefaction_20008_7.txt	20008	7	115.05024	102.62833	114.53439	107.67782	110.87184	111.05737	n/a	104.56927	103.34457	108.23859	116.99068	112.56831	109.63805	108.23244	113.96449	109.28015	102.83619	115.75203	105.17341	113.59127	119.98814	111.94631	115.69252	111.95724	121.63733	107.90551	109.07648	114.3228	99.49374	101.19458
alpha_rarefaction_20008_8.txt	20008	8	119.61418	103.1218	112.68777	108.74155	111.97592	111.18501	n/a	106.9831	102.43127	105.87826	118.17277	112.67466	111.25453	109.74607	114.37341	110.20735	102.55243	113.52043	103.09917	113.77101	118.58866	113.82445	115.9507	113.01584	120.13538	107.58979	107.70887	114.10022	101.38354	103.52104
alpha_rarefaction_20008_9.txt	20008	9	118.72564	103.79757	113.22493	108.83446	109.12087	114.55498	n/a	104.09989	102.87572	109.19074	117.65978	112.4426	111.79944	111.43921	114.02263	109.31363	104.74015	116.11444	101.32065	112.87656	120.72034	112.68225	116.37382	113.30779	120.62769	109.83399	111.39459	114.71572	100.22463	102.34674
alpha_rarefaction_30007_0.txt	30007	0	130.49673	112.50855	125.67115	120.65586	123.25186	124.13711	n/a	115.38823	113.94993	121.1194	130.15477	125.50093	125.04453	123.47952	127.53108	120.91349	115.27306	126.83852	115.00036	125.43261	134.14451	125.78381	129.23871	124.10058	133.34416	120.21319	120.68815	126.46869	112.61622	112.78569
alpha_rarefaction_30007_1.txt	30007	1	132.70499	116.99156	126.66588	121.8319	123.50664	122.59359	n/a	117.73204	111.63588	119.20483	130.38335	129.0491	124.5224	124.99285	126.31081	118.84537	115.18383	126.78052	115.47126	127.44607	135.46516	123.93068	132.66438	124.1978	135.60121	118.24158	117.54388	125.67812	110.5212	112.54973
alpha_rarefaction_30007_2.txt	30007	2	130.82843	113.0977	127.05785	121.93719	121.26899	123.51283	n/a	115.52524	114.08787	121.81949	128.60059	125.279	123.82103	123.56813	127.54665	120.29801	113.3576	125.91236	114.52042	125.34279	132.78091	127.1405	129.49905	126.21008	133.5968	118.1361	118.44368	124.98083	109.47838	112.79144
alpha_rarefaction_30007_3.txt	30007	3	130.04529	114.685	127.17188	119.76102	121.16753	124.08236	n/a	117.97454	116.01862	120.40309	128.91857	128.49049	123.08174	126.87881	126.20427	121.31249	114.83646	125.2128	116.77972	124.96218	133.97255	126.85641	130.82753	124.77321	135.43203	119.79461	119.66447	127.62725	108.73439	111.80958
alpha_rarefaction_30007_4.txt	30007	4	134.22949	112.83569	127.38483	121.58564	123.06917	123.89684	n/a	117.41626	116.00911	119.40163	131.41001	125.95228	124.88555	123.11296	127.53677	121.52557	113.05984	126.64919	115.83023	126.26478	132.97927	126.44972	130.80813	123.61088	133.98093	118.64529	121.62842	126.54727	111.56867	112.75353
alpha_rarefaction_30007_5.txt	30007	5	131.75622	112.40175	126.09563	123.03104	120.44163	124.2318	n/a	116.66751	115.73039	120.195	128.45413	130.40973	122.94974	124.44312	129.88748	120.44809	113.55897	126.30898	114.3307	124.95957	132.65613	125.16218	131.84596	126.86667	133.42645	119.30225	123.47186	125.14727	113.3893	112.19513
alpha_rarefaction_30007_6.txt	30007	6	129.3797	113.42901	125.4407	121.71943	123.11469	122.77741	n/a	114.3064	114.17303	119.44622	130.56752	128.4421	124.68004	125.46526	128.0412	120.30978	113.13364	124.26178	115.39107	124.55538	135.85828	124.86833	130.77044	122.4141	133.60841	121.45581	120.25258	124.0771	111.26686	112.40352
alpha_rarefaction_30007_7.txt	30007	7	132.92559	115.06572	124.80462	121.52379	122.30364	125.15803	n/a	114.30934	113.31002	120.73796	129.28536	127.86255	122.82597	127.28951	127.8225	119.50859	112.7955	128.77778	111.63928	125.0858	133.62829	124.91777	132.02812	123.17659	132.82716	117.67582	122.5023	125.64458	111.75678	111.64108
alpha_rarefaction_30007_8.txt	30007	8	132.14832	114.89485	128.24316	124.8671	121.20424	125.29762	n/a	118.35126	118.31164	117.74153	132.40957	126.58659	125.99816	124.52567	125.16484	120.73545	112.99408	126.90758	113.83544	127.09171	134.39509	127.41797	131.74872	124.3249	134.32931	119.94993	122.36048	125.59269	110.95885	112.08688
alpha_rarefaction_30007_9.txt	30007	9	133.41296	112.85277	126.99919	120.4174	122.49865	125.55069	n/a	117.80879	114.82867	118.8639	128.31754	127.01041	124.11182	124.83969	126.24313	120.14927	116.18222	125.64106	116.50095	127.19001	136.26565	125.06261	130.12682	124.96413	134.90052	120.29833	121.60206	124.9571	111.80333	112.79579
alpha_rarefaction_40006_0.txt	40006	0	140.91741	122.22241	137.65374	129.18261	129.8765	133.97148	n/a	125.87647	123.38442	128.42996	138.54602	135.97932	135.16325	134.41154	138.10116	127.75931	119.18859	135.54472	123.35234	136.944	144.12767	133.51068	144.20237	136.23334	142.82155	126.8015	128.41988	133.73717	117.67515	n/a
alpha_rarefaction_40006_1.txt	40006	1	144.01198	120.45909	135.53353	130.67652	129.04648	135.24288	n/a	126.67232	123.32065	128.52258	138.70478	136.14061	134.13059	134.80892	135.00863	126.46148	119.78094	135.60176	124.78189	134.31445	143.43701	133.41309	143.63918	133.16371	144.46029	127.33525	130.58704	133.73475	118.91864	n/a
alpha_rarefaction_40006_2.txt	40006	2	141.54583	122.90039	134.62951	130.82651	130.95315	132.94984	n/a	124.4806	124.32401	125.44558	138.4535	136.04741	133.34325	134.02311	137.34338	127.84169	121.98367	134.45395	123.05651	134.98978	142.82531	132.20834	141.68638	132.87552	144.59133	126.63618	131.46477	133.69548	118.82332	n/a
alpha_rarefaction_40006_3.txt	40006	3	142.96318	121.06026	136.40934	130.82299	129.94298	134.14661	n/a	125.62958	123.61317	129.04741	137.29296	137.14275	134.47799	134.54084	136.30372	127.32689	121.67004	136.84046	124.85626	137.76961	144.89882	134.83663	141.73737	133.86304	143.60821	126.5711	128.86032	133.68965	120.71633	n/a
alpha_rarefaction_40006_4.txt	40006	4	141.577	122.63409	136.91258	129.46953	132.15107	133.75432	n/a	124.72078	124.90484	128.5745	139.79642	136.52627	132.4497	136.01755	137.08906	127.38456	120.34465	135.49599	122.35833	136.73854	144.06939	135.10802	141.70157	132.88419	144.77939	128.508	128.79441	133.72634	119.24136	n/a
alpha_rarefaction_40006_5.txt	40006	5	141.09308	119.49656	135.51467	128.86768	129.16559	135.22844	n/a	126.10532	121.59701	127.64859	138.23984	134.42056	134.81242	134.98974	136.22623	128.08781	120.91237	135.87758	125.04155	135.0027	144.03206	135.00662	142.54378	133.97015	143.67683	125.82529	130.17412	133.73717	119.0639	n/a
alpha_rarefaction_40006_6.txt	40006	6	138.85544	122.61787	136.34446	129.4801	129.83852	135.56752	n/a	125.818	124.90813	128.40512	137.98271	138.56612	131.60915	133.98414	134.65947	129.01834	121.72836	135.63906	121.0313	136.39897	145.45748	134.14376	142.6229	134.51476	144.03872	127.80264	129.84106	133.56528	118.16431	n/a
alpha_rarefaction_40006_7.txt	40006	7	142.82237	123.3865	137.55458	129.60698	129.64809	133.08752	n/a	125.05481	124.24491	127.75458	139.44307	139.01987	133.83284	134.35511	137.15537	128.60343	122.65726	136.14008	122.84735	134.37814	145.81585	134.06421	140.27316	134.52446	145.02556	128.53395	129.29029	133.56307	118.07519	n/a
alpha_rarefaction_40006_8.txt	40006	8	141.54671	123.19732	135.52117	131.43901	129.72465	135.75999	n/a	124.26859	122.44145	127.72658	138.6857	136.4283	132.81323	133.81138	136.46495	128.23139	122.65292	134.95403	123.94442	136.15567	141.72694	133.4702	140.33318	133.1865	143.99127	125.45352	132.14353	133.66981	118.38316	n/a
alpha_rarefaction_40006_9.txt	40006	9	142.0302	123.1853	135.69206	128.67242	130.11208	132.96004	n/a	126.68619	123.77514	127.77085	138.67814	140.18434	132.79153	133.67994	135.65946	126.81058	120.52429	135.32297	121.2356	135.8278	144.95223	133.26465	142.73221	134.18033	143.04002	126.77174	133.45052	133.52857	120.66324	n/a
alpha_rarefaction_50005_0.txt	50005	0	152.83541	128.89305	142.48935	136.87905	136.22559	141.34971	n/a	133.59762	130.905	134.27695	145.5307	144.8125	140.46582	141.37603	143.20537	135.07587	126.33019	142.27072	129.9101	142.78175	152.46948	140.8408	150.16897	140.9387	150.80788	131.78793	137.3657	n/a	126.02222	n/a
alpha_rarefaction_50005_1.txt	50005	1	150.60207	127.27075	143.87932	136.42398	139.44263	139.69086	n/a	131.81076	129.90054	136.17482	145.03327	143.22028	140.36286	140.92671	143.42268	133.81062	127.24518	143.46063	128.12005	142.40395	151.40206	140.74285	149.40637	141.95589	152.32358	133.66425	136.64878	n/a	124.71084	n/a
alpha_rarefaction_50005_2.txt	50005	2	151.78789	126.38486	142.62933	136.27287	137.83395	141.56264	n/a	131.53109	132.1425	134.90633	144.40816	144.60071	141.12494	140.05303	145.50312	134.33933	127.32026	140.19449	129.77019	142.05246	151.60242	142.31919	152.3648	141.61516	154.82711	132.79666	138.08446	n/a	125.52027	n/a
alpha_rarefaction_50005_3.txt	50005	3	152.08394	129.26239	143.80466	137.08551	138.04711	141.06318	n/a	132.53567	129.24815	134.13888	145.24249	144.21865	142.84711	139.3051	142.08236	133.245	126.21643	140.88279	129.88415	140.79746	151.85475	139.52077	150.06391	141.99155	149.84106	134.0517	136.33893	n/a	124.41872	n/a
alpha_rarefaction_50005_4.txt	50005	4	149.59337	128.37715	143.42542	136.4154	138.43643	140.98376	n/a	131.38829	132.09538	134.7139	144.74817	143.82044	140.72063	143.31195	147.16585	133.85667	127.05299	142.81359	130.04835	142.19208	150.75333	140.51975	149.29323	141.13027	150.53241	132.12026	136.07762	n/a	126.57086	n/a
alpha_rarefaction_50005_5.txt	50005	5	152.65889	128.78097	143.56267	137.10689	138.14341	141.34046	n/a	130.31535	129.02048	136.85719	144.77867	145.71446	140.6243	142.29855	143.11021	134.4511	125.78832	142.01212	129.94609	141.69988	153.80631	140.92294	151.17381	140.10149	150.62624	133.00355	138.61598	n/a	124.1406	n/a
alpha_rarefaction_50005_6.txt	50005	6	150.93063	128.86001	142.70069	136.0561	136.90757	142.91277	n/a	131.58864	130.32938	136.10873	145.44227	145.57741	140.10756	142.48003	145.32892	134.5304	127.00209	140.65047	131.47402	140.44067	150.44113	140.56514	149.62935	141.55218	152.51655	133.13702	137.71389	n/a	124.69563	n/a
alpha_rarefaction_50005_7.txt	50005	7	150.49054	128.19964	140.43619	136.80882	136.94261	141.04815	n/a	132.24872	128.61639	133.51637	144.40535	145.2891	141.99181	141.11471	143.79299	134.12037	126.35041	142.04563	130.34132	141.89727	153.74391	142.36749	150.16043	141.30645	151.53703	134.62392	139.11999	n/a	124.69133	n/a
alpha_rarefaction_50005_8.txt	50005	8	150.96549	126.35909	144.379	136.14499	136.55097	140.60613	n/a	130.90414	131.07455	134.18507	143.98424	144.01777	140.53177	140.80043	143.54102	134.13122	125.9354	140.55404	131.43554	141.69518	150.85571	140.96599	151.67354	142.24943	152.48101	132.88194	137.37238	n/a	127.12537	n/a
alpha_rarefaction_50005_9.txt	50005	9	149.82305	127.36184	144.80153	136.87268	137.70418	139.38605	n/a	131.4077	130.71247	134.91383	144.93377	145.58126	141.74875	141.4487	141.78478	132.74061	127.14939	141.23462	131.40071	143.24808	152.92388	141.35159	152.01929	142.7067	153.92633	133.65005	136.54031	n/a	125.11125	n/a
alpha_rarefaction_60004_0.txt	60004	0	160.64996	133.89967	150.81164	n/a	142.14921	147.55373	n/a	138.1971	134.77212	139.5132	149.55559	151.02579	146.53686	148.34358	148.2919	138.64242	n/a	148.03087	133.5389	148.7158	157.72979	146.2748	156.74348	148.12493	156.90558	139.64676	145.83821	n/a	132.04378	n/a
alpha_rarefaction_60004_1.txt	60004	1	155.94118	133.01024	149.56096	n/a	142.45656	147.57873	n/a	136.77108	136.97946	140.95849	149.63478	150.84608	146.22439	148.31428	150.55336	138.63395	n/a	147.40224	135.36024	148.87885	157.21496	146.75169	156.64521	147.05854	159.15089	136.1914	144.2164	n/a	130.61385	n/a
alpha_rarefaction_60004_2.txt	60004	2	156.61197	134.76266	150.12457	n/a	143.6	148.26173	n/a	137.39397	137.21115	139.65004	149.60711	150.24626	147.26935	147.42972	149.59943	139.13684	n/a	147.17516	135.43197	146.91252	157.41839	146.0231	157.50686	147.60649	159.87991	138.44702	142.77387	n/a	129.66606	n/a
alpha_rarefaction_60004_3.txt	60004	3	156.10215	133.8925	147.20589	n/a	144.53284	144.85675	n/a	136.47915	136.54705	139.34536	149.67761	151.42111	146.39134	146.50504	148.81949	137.82626	n/a	147.22081	134.79137	148.3624	156.92074	146.26331	156.72971	147.31025	158.52628	139.08132	143.05749	n/a	129.78435	n/a
alpha_rarefaction_60004_4.txt	60004	4	157.85539	133.38666	149.20346	n/a	143.50961	148.53619	n/a	137.21441	135.20796	139.29895	149.61825	150.38401	145.77646	147.04254	149.71123	138.98489	n/a	146.87238	136.72645	149.39404	157.39117	145.51525	156.26216	148.89126	160.65851	136.95283	142.09389	n/a	129.17157	n/a
alpha_rarefaction_60004_5.txt	60004	5	156.78549	131.44766	149.03391	n/a	142.32842	148.06316	n/a	135.42328	136.91548	141.76164	149.56217	151.38006	145.27604	147.19863	150.1622	138.88344	n/a	147.07129	136.17964	147.07079	158.41843	145.58962	157.34898	147.52005	158.65575	138.09441	142.17837	n/a	130.28599	n/a
alpha_rarefaction_60004_6.txt	60004	6	159.29142	134.84654	150.7172	n/a	143.24821	146.91336	n/a	138.37028	136.10743	140.44559	149.58675	150.30733	144.74387	148.18226	150.17776	138.76621	n/a	147.97436	133.84449	148.13877	157.55756	146.04566	157.95777	148.30599	159.49679	138.22552	142.53861	n/a	129.18525	n/a
alpha_rarefaction_60004_7.txt	60004	7	157.42893	132.2096	149.49085	n/a	143.91654	148.2422	n/a	136.19973	134.94327	138.61424	149.56145	151.85305	145.85319	147.06927	149.44756	138.79089	n/a	146.4639	135.23999	147.8565	157.73039	145.95528	156.39036	146.38288	158.60122	140.39617	142.84045	n/a	130.36835	n/a
alpha_rarefaction_60004_8.txt	60004	8	157.8201	133.93893	150.71158	n/a	143.81608	145.94828	n/a	136.59583	136.41894	138.68507	149.56945	150.42028	146.61531	146.78573	149.58458	138.75366	n/a	147.53718	135.13441	147.54894	157.79708	145.8228	155.14718	146.75867	159.16428	138.75816	144.49979	n/a	132.53812	n/a
alpha_rarefaction_60004_9.txt	60004	9	156.43705	133.71393	149.25301	n/a	142.04335	147.63885	n/a	135.5518	136.34924	139.83031	149.64866	148.08493	145.43905	146.86042	148.65684	138.25944	n/a	148.0017	136.02709	147.42555	157.19273	146.03988	157.12392	146.09654	159.41375	137.72839	143.89078	n/a	129.72677	n/a
alpha_rarefaction_70003_0.txt	70003	0	164.01891	136.70098	155.156	n/a	147.40855	153.49754	n/a	139.88272	141.82191	145.34528	n/a	157.13053	149.95801	153.39184	154.505	n/a	n/a	151.86176	141.98076	153.74681	163.96991	n/a	166.60116	150.5487	162.83954	142.31029	146.89689	n/a	134.64633	n/a
alpha_rarefaction_70003_1.txt	70003	1	161.27352	138.05473	153.96158	n/a	147.60574	152.57401	n/a	142.13612	140.35488	143.71758	n/a	156.90168	151.0329	151.63461	154.51883	n/a	n/a	151.3832	140.15365	151.53594	165.02962	n/a	161.89472	150.07725	163.45848	141.69386	147.32488	n/a	131.91353	n/a
alpha_rarefaction_70003_2.txt	70003	2	161.34765	136.69421	154.407	n/a	147.17732	151.66233	n/a	141.16982	138.50165	145.21059	n/a	156.07045	150.97385	152.32085	153.61127	n/a	n/a	151.94647	141.36871	152.41489	162.50767	n/a	162.13451	152.32972	162.97969	142.79045	146.94243	n/a	135.28291	n/a
alpha_rarefaction_70003_3.txt	70003	3	164.58885	137.97145	154.84448	n/a	149.31154	153.48278	n/a	139.48054	141.18007	142.83644	n/a	155.40362	149.69639	153.65536	153.25896	n/a	n/a	151.90729	139.52357	152.8513	163.43935	n/a	161.10392	151.61167	164.58942	144.71251	147.34521	n/a	132.57372	n/a
alpha_rarefaction_70003_4.txt	70003	4	163.80984	138.04541	153.80543	n/a	147.48668	153.08197	n/a	141.81727	142.00546	143.85288	n/a	156.8421	149.76553	153.50805	153.487	n/a	n/a	151.89574	139.59176	152.70119	162.25378	n/a	163.9679	152.05984	166.09479	142.94977	149.23946	n/a	134.50779	n/a
alpha_rarefaction_70003_5.txt	70003	5	163.87493	138.50596	153.81627	n/a	148.48988	154.62094	n/a	142.53874	144.26951	146.15836	n/a	155.72483	150.3047	152.93477	153.18993	n/a	n/a	151.73178	138.5054	153.10023	163.53082	n/a	160.51177	152.14238	163.00274	143.06898	146.95638	n/a	134.22072	n/a
alpha_rarefaction_70003_6.txt	70003	6	165.78369	138.2466	154.09066	n/a	148.28871	153.43609	n/a	140.93796	141.01829	145.31275	n/a	152.58648	150.85606	152.70047	154.42005	n/a	n/a	151.61197	139.54527	153.09909	160.5981	n/a	162.46791	150.67873	164.89696	141.68938	148.45802	n/a	133.37671	n/a
alpha_rarefaction_70003_7.txt	70003	7	163.10915	138.41839	152.89815	n/a	148.59074	155.11126	n/a	140.42186	140.8393	145.70812	n/a	154.51107	149.96006	153.20116	153.91196	n/a	n/a	151.65251	138.23217	151.48959	162.80338	n/a	161.70344	151.53874	164.91079	143.3877	147.39581	n/a	135.27918	n/a
alpha_rarefaction_70003_8.txt	70003	8	166.5364	137.7688	152.9898	n/a	147.60657	154.6645	n/a	142.40744	142.12709	145.60897	n/a	154.51308	151.06509	152.39634	154.25458	n/a	n/a	151.80915	140.0506	149.82875	162.85145	n/a	160.73722	152.38925	165.92601	142.77606	148.05141	n/a	135.61029	n/a
alpha_rarefaction_70003_9.txt	70003	9	161.96057	138.08943	154.09523	n/a	147.92316	153.13293	n/a	142.00491	141.19439	144.28372	n/a	157.10417	152.46689	151.88696	155.90684	n/a	n/a	152.04563	140.31173	153.10577	162.72996	n/a	163.52643	151.0692	165.06989	140.92687	148.5306	n/a	131.829	n/a
alpha_rarefaction_80002_0.txt	80002	0	169.60289	141.85397	157.93632	n/a	151.45276	158.40431	n/a	145.51507	143.74008	147.38723	n/a	159.09198	154.32753	157.71517	158.63253	n/a	n/a	n/a	142.26799	155.75047	166.29128	n/a	167.70155	155.92515	170.07293	146.01108	152.46946	n/a	138.95341	n/a
alpha_rarefaction_80002_1.txt	80002	1	168.41946	139.6632	158.77911	n/a	151.26618	159.34322	n/a	146.01256	144.30294	147.50009	n/a	159.17153	155.29692	157.074	158.03298	n/a	n/a	n/a	142.93861	157.66059	165.42269	n/a	166.89605	154.33914	167.40009	146.3857	152.81058	n/a	137.01742	n/a
alpha_rarefaction_80002_2.txt	80002	2	169.91513	142.35486	158.19013	n/a	151.27788	156.68881	n/a	144.68415	145.34624	148.37985	n/a	160.42394	155.54316	157.70063	157.46945	n/a	n/a	n/a	144.51986	157.41293	168.47485	n/a	167.31273	156.33945	168.18048	146.04007	151.57257	n/a	136.61436	n/a
alpha_rarefaction_80002_3.txt	80002	3	171.18587	140.88066	158.53196	n/a	151.211	156.41421	n/a	143.25502	146.95839	148.16313	n/a	161.31268	154.63792	157.14653	157.49906	n/a	n/a	n/a	143.88625	156.09214	167.23668	n/a	168.2292	155.73123	168.75885	146.52808	155.09044	n/a	139.12625	n/a
alpha_rarefaction_80002_4.txt	80002	4	167.18645	142.83709	157.85559	n/a	151.68833	157.16155	n/a	144.52523	144.18204	149.42748	n/a	160.79918	153.97497	157.26537	157.99523	n/a	n/a	n/a	142.8943	157.70416	166.46332	n/a	167.26438	154.7508	167.4208	146.07423	152.42201	n/a	137.44766	n/a
alpha_rarefaction_80002_5.txt	80002	5	168.16926	139.62912	158.28703	n/a	151.36607	157.75093	n/a	144.79482	145.16451	148.63862	n/a	159.82301	154.48827	156.76669	158.66035	n/a	n/a	n/a	144.22381	155.72577	166.65586	n/a	168.55863	156.2257	167.94719	146.57789	151.75663	n/a	137.69319	n/a
alpha_rarefaction_80002_6.txt	80002	6	168.70625	141.64873	158.93012	n/a	151.40988	156.97258	n/a	144.99005	145.95297	148.89755	n/a	159.27517	154.99417	157.81775	157.90787	n/a	n/a	n/a	143.91358	157.80354	168.02207	n/a	166.4167	155.66313	169.24058	147.31867	150.61655	n/a	137.40858	n/a
alpha_rarefaction_80002_7.txt	80002	7	166.02642	139.90111	158.36245	n/a	151.40171	156.51035	n/a	145.99227	145.47089	147.43256	n/a	160.42877	154.35356	157.17878	159.43581	n/a	n/a	n/a	144.00817	155.42084	166.65738	n/a	167.30916	154.77871	169.42781	145.174	154.1318	n/a	137.78691	n/a
alpha_rarefaction_80002_8.txt	80002	8	165.57315	141.0643	158.81619	n/a	151.35227	156.39663	n/a	144.81646	144.99305	147.9209	n/a	161.55075	155.10688	157.76668	157.89563	n/a	n/a	n/a	142.21964	157.54116	166.54375	n/a	167.51389	155.88454	168.0875	144.85435	151.53273	n/a	137.5669	n/a
alpha_rarefaction_80002_9.txt	80002	9	166.21807	141.40705	157.30732	n/a	153.18965	157.11928	n/a	144.71644	146.52774	147.17208	n/a	162.24657	155.73441	157.71862	158.46049	n/a	n/a	n/a	144.32747	157.1959	166.75373	n/a	166.08622	155.96725	169.36792	147.02091	151.85874	n/a	137.82147	n/a
alpha_rarefaction_90001_0.txt	90001	0	171.55722	143.50327	162.83585	n/a	155.15779	161.40129	n/a	149.00361	146.92781	151.04416	n/a	164.24057	158.25316	n/a	161.55546	n/a	n/a	n/a	146.02781	159.32857	170.07841	n/a	170.13546	159.11813	172.55754	149.16409	156.37283	n/a	140.9999	n/a
alpha_rarefaction_90001_1.txt	90001	1	172.57913	144.00592	162.87661	n/a	155.33584	161.4639	n/a	149.07868	149.52997	152.54971	n/a	163.80537	158.43027	n/a	161.73406	n/a	n/a	n/a	147.38683	160.50109	171.9095	n/a	171.3984	159.18399	171.61107	150.22583	155.41801	n/a	141.36119	n/a
alpha_rarefaction_90001_2.txt	90001	2	173.3564	144.99065	162.82427	n/a	155.41678	162.54348	n/a	149.60015	147.74309	151.05027	n/a	163.85351	158.58999	n/a	161.53674	n/a	n/a	n/a	145.67171	160.17198	170.7562	n/a	171.3934	159.3102	171.5519	149.33049	156.03217	n/a	138.95715	n/a
alpha_rarefaction_90001_3.txt	90001	3	172.67583	144.36757	163.60505	n/a	155.30676	161.99385	n/a	148.10501	147.35394	150.40079	n/a	163.31518	157.26581	n/a	160.91086	n/a	n/a	n/a	147.40094	158.41005	170.59502	n/a	171.19581	158.23781	173.17324	150.49927	155.47441	n/a	140.15511	n/a
alpha_rarefaction_90001_4.txt	90001	4	173.86778	143.89632	162.70694	n/a	154.90273	162.00402	n/a	148.57629	148.76804	151.97602	n/a	162.48846	158.58862	n/a	161.04749	n/a	n/a	n/a	146.10032	158.89431	170.87895	n/a	172.47922	156.94781	173.5259	150.46703	156.86252	n/a	139.84177	n/a
alpha_rarefaction_90001_5.txt	90001	5	173.07676	142.55661	162.39972	n/a	154.13635	161.68876	n/a	149.15731	150.0143	150.97607	n/a	163.17146	157.31891	n/a	161.14572	n/a	n/a	n/a	147.16099	160.43861	170.86542	n/a	170.40228	158.37087	171.83232	150.33042	158.28936	n/a	139.56838	n/a
alpha_rarefaction_90001_6.txt	90001	6	172.89939	144.33874	163.07023	n/a	154.27608	159.78388	n/a	148.57041	147.60262	151.89276	n/a	162.07467	159.1184	n/a	160.09922	n/a	n/a	n/a	147.00923	159.37551	171.97048	n/a	171.32939	159.14147	173.94282	151.06721	154.67889	n/a	140.42975	n/a
alpha_rarefaction_90001_7.txt	90001	7	172.42334	144.27578	162.46053	n/a	155.15922	161.63742	n/a	149.07132	150.01879	152.03311	n/a	166.12588	158.16818	n/a	161.03352	n/a	n/a	n/a	146.05776	159.82825	170.29159	n/a	172.21091	159.41369	173.44808	149.40772	156.24366	n/a	140.708	n/a
alpha_rarefaction_90001_8.txt	90001	8	174.13255	144.26546	162.98083	n/a	154.34858	159.92116	n/a	149.26617	149.56354	154.12482	n/a	164.96562	157.94457	n/a	161.27948	n/a	n/a	n/a	146.93593	159.72965	170.59502	n/a	172.13578	158.6653	172.84384	150.01564	155.1657	n/a	140.51296	n/a
alpha_rarefaction_90001_9.txt	90001	9	176.36079	143.23199	162.44629	n/a	154.50201	162.42843	n/a	148.58669	148.88348	152.2114	n/a	164.03438	158.3233	n/a	161.46038	n/a	n/a	n/a	146.40025	161.16992	170.20664	n/a	170.33057	157.57468	171.99637	149.17144	155.82382	n/a	141.23397	n/a
alpha_rarefaction_100000_0.txt	100000	0	178.26235	146.66492	165.56859	n/a	157.37329	164.85262	n/a	152.5392	151.84503	155.20256	n/a	165.19011	161.3134	n/a	n/a	n/a	n/a	n/a	149.74304	163.41627	174.88161	n/a	177.09196	161.24349	175.99056	152.27921	161.66522	n/a	142.0051	n/a
alpha_rarefaction_100000_1.txt	100000	1	177.76343	146.58047	165.82471	n/a	157.93574	164.75253	n/a	152.29776	152.86159	153.91785	n/a	168.15976	161.35573	n/a	n/a	n/a	n/a	n/a	150.37097	163.92323	173.77067	n/a	176.16744	161.81448	176.73891	151.6195	160.85692	n/a	143.10647	n/a
alpha_rarefaction_100000_2.txt	100000	2	176.33136	146.50442	165.53437	n/a	158.16674	164.71314	n/a	152.24998	151.70016	156.30671	n/a	167.94927	161.56182	n/a	n/a	n/a	n/a	n/a	149.8287	164.65803	174.35929	n/a	175.51039	162.03471	178.92799	152.90685	158.13068	n/a	142.81928	n/a
alpha_rarefaction_100000_3.txt	100000	3	176.69545	147.25412	165.1419	n/a	157.97516	165.40883	n/a	151.14728	151.91159	154.34148	n/a	168.78225	161.23634	n/a	n/a	n/a	n/a	n/a	149.84861	162.13266	174.9573	n/a	176.14351	162.40701	176.85914	152.93442	159.40838	n/a	143.01506	n/a
alpha_rarefaction_100000_4.txt	100000	4	178.41453	147.15785	166.06708	n/a	157.97074	164.28911	n/a	151.86525	151.7968	154.15883	n/a	167.96561	161.68068	n/a	n/a	n/a	n/a	n/a	149.72367	162.64072	174.88852	n/a	174.6679	162.17506	177.76191	152.50152	159.33357	n/a	143.97432	n/a
alpha_rarefaction_100000_5.txt	100000	5	178.57723	147.56248	165.86929	n/a	157.78731	165.08457	n/a	152.08005	152.05804	156.35333	n/a	168.25047	161.13384	n/a	n/a	n/a	n/a	n/a	150.61693	163.8644	174.87238	n/a	175.01789	161.88723	175.7129	152.1746	158.37133	n/a	143.8516	n/a
alpha_rarefaction_100000_6.txt	100000	6	177.34606	146.94738	165.78512	n/a	158.00035	164.90751	n/a	151.18305	151.68462	155.33904	n/a	167.77423	161.59975	n/a	n/a	n/a	n/a	n/a	150.25265	164.03642	173.88448	n/a	176.28102	161.66305	176.29647	152.2531	160.37782	n/a	143.62808	n/a
alpha_rarefaction_100000_7.txt	100000	7	178.53124	147.21688	165.74291	n/a	157.88039	165.95351	n/a	151.45701	152.14223	154.77331	n/a	168.48217	161.54758	n/a	n/a	n/a	n/a	n/a	150.05437	163.65245	175.7701	n/a	174.21187	162.9802	177.32047	151.39961	158.54662	n/a	142.86104	n/a
alpha_rarefaction_100000_8.txt	100000	8	176.88887	146.60049	165.42741	n/a	157.95386	163.53769	n/a	151.64971	151.1479	155.99666	n/a	167.42545	161.49382	n/a	n/a	n/a	n/a	n/a	149.7073	165.32305	173.34353	n/a	174.68394	162.16055	177.12047	152.40729	159.21457	n/a	142.1459	n/a
alpha_rarefaction_100000_9.txt	100000	9	178.58805	147.97968	165.41499	n/a	157.95039	164.5658	n/a	151.95616	150.42722	153.85881	n/a	168.31636	161.14696	n/a	n/a	n/a	n/a	n/a	150.64142	163.455	173.24853	n/a	174.82905	162.86743	175.04632	153.27372	159.64676	n/a	143.39059	n/a