	sequences per sample	iteration	515rcbc12	515rcbc21	515rcbc17	515rcbc34	515rcbc33	515rcbc31	515rcbc15	515rcbc26	515rcbc22	515rcbc37	515rcbc24	515rcbc18	515rcbc35	515rcbc11	515rcbc27	515rcbc13	515rcbc23	515rcbc32	515rcbc16	515rcbc19	515rcbc9	515rcbc30	515rcbc28	515rcbc29	515rcbc14	515rcbc10	515rcbc8	515rcbc25	515rcbc36
alpha_rarefaction_10_0.txt	10	0	3.08371	2.44679	3.85902	3.06241	3.13688	3.07153	2.71256	3.29864	2.88215	4.19592	3.70276	2.90303	2.64462	3.23103	2.36098	3.57766	2.73295	3.39149	3.16005	2.6075	3.13414	3.4724	3.62238	2.88637	2.36978	2.32658	3.66027	2.67762	2.67631
alpha_rarefaction_10_1.txt	10	1	3.00987	3.23214	3.057	3.17328	3.35929	2.76269	3.03587	3.46918	3.16947	3.46534	3.46597	2.72321	1.69238	2.91122	3.24381	3.17674	3.93363	3.91412	2.87249	2.83188	3.66049	2.47346	2.95899	2.56245	2.91116	3.46815	2.9209	2.51858	2.60277
alpha_rarefaction_10_2.txt	10	2	2.98414	3.61094	2.94443	2.76716	2.96308	2.24458	2.77346	3.44155	2.81403	2.58057	2.75274	4.1542	3.02204	3.42053	3.02061	2.40427	2.77952	2.70902	2.96826	2.49091	3.15532	2.86027	2.99231	3.60366	3.41135	2.80074	3.53082	3.15769	3.07366
alpha_rarefaction_10_3.txt	10	3	2.57064	3.23259	3.12263	3.8782	2.80678	3.052	3.48418	3.81386	3.29953	3.22584	2.88917	2.67483	3.0768	3.08481	3.06968	3.20268	3.47829	2.64935	3.04196	2.96362	2.79798	3.39846	3.06541	2.60076	3.47415	3.14711	3.12286	2.28624	2.88171
alpha_rarefaction_10_4.txt	10	4	2.31553	2.45464	3.45905	3.25384	3.77084	2.09345	1.56673	2.51111	2.67047	2.76077	3.30459	2.51376	2.24346	3.75252	2.66609	3.19024	2.60413	2.4957	2.65668	2.87756	2.78981	2.76421	3.31008	2.78059	2.22702	2.88979	2.92585	2.17744	2.82626
alpha_rarefaction_10_5.txt	10	5	3.56724	2.80127	3.04345	2.69653	2.67491	3.20298	3.10878	3.48208	2.22358	3.35305	2.7111	3.53544	3.45513	3.31209	3.64733	2.64185	3.66613	3.29115	2.41326	3.23628	3.34459	3.61612	3.37579	3.31713	2.93018	2.66726	3.2354	2.87538	2.92129
alpha_rarefaction_10_6.txt	10	6	3.40725	2.01148	2.08383	2.9759	2.74944	3.2344	3.1194	3.23398	3.00958	2.74651	2.77238	3.30474	2.21552	2.75562	2.71533	3.49768	3.1043	3.27971	2.60758	2.85773	2.77474	3.81956	2.82869	3.35635	2.80773	3.36348	2.83788	3.22838	2.77427
alpha_rarefaction_10_7.txt	10	7	2.88752	3.13327	2.88437	2.90757	3.68056	2.73206	2.22354	3.25878	3.17776	2.49027	2.59354	2.94802	3.30105	2.23579	2.40894	3.44693	2.27703	3.16582	2.79295	3.69455	3.32231	2.66662	3.51127	3.09972	3.00862	3.08884	2.77138	2.26964	2.98594
alpha_rarefaction_10_8.txt	10	8	2.95007	3.42816	2.64606	3.09075	3.15669	2.6623	3.43447	2.77843	2.88963	2.26352	2.68539	3.27011	2.53473	2.71662	3.28297	2.52708	3.53052	2.35974	2.81816	3.45646	2.95951	2.65104	3.28171	3.23437	1.99258	3.24168	2.75684	3.16609	3.32248
alpha_rarefaction_10_9.txt	10	9	3.20968	3.33514	2.93574	3.30316	2.16195	2.98228	2.65649	3.09708	3.0967	2.76492	3.27049	2.71711	3.79271	2.3149	3.48784	2.24238	3.54437	3.14343	2.74235	2.33918	2.11462	2.9397	2.65053	3.35029	3.35184	2.62903	2.65031	3.12305	3.25503
alpha_rarefaction_3409_0.txt	3409	0	66.93958	59.33622	63.74987	60.40054	62.45344	63.0014	58.78342	58.35369	62.54425	66.87389	64.24349	65.10251	59.79806	65.91051	64.72969	59.31473	66.97878	57.23596	63.16939	70.42594	65.13615	64.63256	63.80959	67.10283	63.60042	61.72475	63.94678	57.08553	59.03824
alpha_rarefaction_3409_1.txt	3409	1	68.69562	60.58929	62.99477	62.46366	60.81248	61.37566	59.01194	59.24778	62.81704	66.05817	65.64743	62.61595	61.9201	62.27061	63.97372	63.15882	64.16345	58.34775	63.72148	70.23535	67.14806	63.73383	65.29249	68.30169	64.03264	61.94451	64.46471	57.57718	55.50315
alpha_rarefaction_3409_2.txt	3409	2	65.15356	60.58916	63.68324	60.27487	62.51945	64.28252	59.77112	61.10962	62.11817	66.93213	63.6916	65.29952	60.47558	66.19644	63.87941	58.03205	65.05034	59.59435	62.69162	69.4084	66.8311	62.59161	64.83816	65.40511	63.96632	60.47612	65.11857	57.46181	55.3294
alpha_rarefaction_3409_3.txt	3409	3	66.1724	60.18947	61.55497	63.21328	62.59621	62.20886	60.10048	60.01779	63.62685	67.48773	62.69419	64.89922	58.39501	65.3358	66.25642	61.79406	65.87451	61.92648	64.96006	67.94088	65.02017	61.08018	63.89785	68.84637	61.02691	61.218	66.36016	59.50774	56.07416
alpha_rarefaction_3409_4.txt	3409	4	66.27074	62.15544	65.17722	61.46519	61.5667	63.37673	57.87786	55.9832	63.44753	67.3409	64.70745	65.934	62.17069	63.16055	64.98718	62.6567	65.57839	60.05555	65.03103	66.42566	66.29627	66.66691	64.41148	66.95858	61.17669	61.55374	64.65752	56.1153	56.79045
alpha_rarefaction_3409_5.txt	3409	5	65.01706	61.87476	63.95981	59.93205	63.66038	62.90853	58.58988	59.31633	62.27167	67.7781	64.10438	62.95432	59.71467	67.4602	64.83278	61.83371	65.11884	58.98687	63.64588	70.22531	66.05983	63.24963	64.63079	66.79401	63.13425	63.61463	65.86969	58.35347	54.2444
alpha_rarefaction_3409_6.txt	3409	6	66.67308	60.05118	62.54937	61.41792	64.07325	63.50288	60.53927	59.76536	61.79227	63.98592	63.84253	63.01184	61.36594	63.94177	63.52462	61.62074	66.21481	61.3789	63.56674	68.006	65.95874	64.18856	62.05916	65.52234	63.60057	63.51344	64.07598	57.90987	55.40441
alpha_rarefaction_3409_7.txt	3409	7	69.9926	58.38645	63.22809	62.83953	61.09137	62.03034	60.24862	57.79128	60.63707	69.48134	63.5801	65.69588	63.24257	64.48962	64.76002	63.78179	66.1298	59.05094	63.72497	68.48654	67.7093	64.89187	63.92026	67.41456	63.97515	61.54328	64.3837	57.43303	56.76133
alpha_rarefaction_3409_8.txt	3409	8	66.40247	60.55418	62.40237	61.52444	61.45748	62.81025	59.87931	62.03209	64.01238	66.66144	66.12827	63.11095	58.26846	64.80463	64.09558	60.70312	66.95214	61.72616	64.25161	70.1557	64.55675	64.25779	63.03717	66.29196	63.7769	61.8169	67.44802	57.38071	57.29538
alpha_rarefaction_3409_9.txt	3409	9	67.53961	60.74124	61.98076	58.93065	60.97912	65.02209	59.99676	62.70393	61.67829	65.08038	65.30306	64.13122	60.55382	65.93833	64.3126	61.28767	66.14903	59.8801	64.30637	69.44086	63.9524	63.96733	64.04977	67.16578	65.57022	58.81042	67.46416	59.40724	56.78638
alpha_rarefaction_6808_0.txt	6808	0	85.21574	73.62509	77.71666	77.17027	80.50261	79.24934	76.95235	75.83168	76.99832	87.7865	82.14017	82.25788	79.10125	82.46343	80.6852	78.56817	83.92582	75.63266	83.02766	86.7299	85.11227	84.69523	79.16725	85.95922	79.24929	78.84002	83.48277	71.28751	73.15021
alpha_rarefaction_6808_1.txt	6808	1	84.53873	78.21464	80.66217	78.97309	79.26893	79.95757	75.32413	76.89319	79.39213	85.87771	82.60773	82.05048	80.32802	82.76349	81.62338	78.12168	82.97013	76.12055	82.16774	87.43995	84.00283	83.51174	81.2863	86.14246	78.79716	77.69043	78.87621	74.03557	72.9253
alpha_rarefaction_6808_2.txt	6808	2	84.46253	78.40584	79.78307	80.2638	79.98522	79.00976	76.08683	75.06608	80.65555	85.56626	80.92169	83.51287	78.97421	80.74581	82.13547	78.6981	83.01587	74.89171	79.93325	89.6301	84.88231	82.58042	82.38684	85.89632	80.2439	80.33212	82.2525	72.80109	73.14569
alpha_rarefaction_6808_3.txt	6808	3	84.56728	75.98165	79.2264	77.23853	80.5666	76.83552	76.79914	73.91634	79.98829	84.08905	82.71029	81.24566	79.22778	82.84421	80.76022	75.9968	82.34674	73.69206	84.37736	85.9061	83.06284	82.14104	81.90015	86.75797	77.95638	78.81554	83.91504	73.40127	73.89636
alpha_rarefaction_6808_4.txt	6808	4	86.86276	77.07721	82.84181	79.83838	81.59761	83.29175	76.91511	75.19169	76.34226	86.33411	81.40547	81.80003	77.98198	80.81002	81.39764	76.05506	81.05305	75.89751	81.50679	85.34346	82.56107	85.69758	79.75876	82.36506	79.98329	78.87609	83.5155	74.82387	73.54677
alpha_rarefaction_6808_5.txt	6808	5	84.53465	76.40023	81.16773	78.8246	77.39281	80.59652	76.03817	73.99327	80.12527	85.09606	81.11375	82.2627	79.28036	82.99094	82.82745	77.80215	83.13474	74.75118	83.46012	86.35873	82.2027	83.97791	82.32104	84.49174	82.63534	77.24901	81.98381	72.5875	74.15425
alpha_rarefaction_6808_6.txt	6808	6	86.15975	74.39551	80.34341	82.24164	79.90217	80.03809	73.39649	74.89322	78.1057	85.36103	81.66703	81.45404	76.81362	81.05405	77.92288	75.89275	81.16053	77.75165	81.20332	87.55189	82.07289	83.67749	82.09197	84.77814	80.14937	77.19229	83.46974	74.15004	73.58463
alpha_rarefaction_6808_7.txt	6808	7	85.08089	77.47026	79.71642	78.00858	80.32281	78.89323	74.93615	75.32348	78.07319	88.25513	84.14594	84.538	76.77408	83.84121	82.92711	76.57072	80.82058	75.15371	80.56558	86.69254	82.93188	82.17657	81.81142	87.85034	80.08809	77.53898	83.96745	71.40532	74.55251
alpha_rarefaction_6808_8.txt	6808	8	84.46255	74.69229	79.93937	78.24788	79.92592	81.73545	76.57017	74.02734	79.07277	86.23965	83.31072	80.97975	79.00336	82.36683	81.23717	75.22141	82.7628	76.49522	80.44212	85.81076	83.41204	81.82474	80.37375	87.16312	78.87972	78.69596	82.53622	72.50695	71.52406
alpha_rarefaction_6808_9.txt	6808	9	84.22607	74.35374	80.48904	79.80077	79.4517	78.31957	75.77577	76.27688	79.23338	87.4273	83.34864	82.15096	78.23698	84.36613	82.98405	77.85177	83.38499	77.56997	83.33251	84.4546	81.75812	83.89327	83.84117	88.05136	80.14241	79.80005	83.6994	71.50955	74.14828
alpha_rarefaction_10207_0.txt	10207	0	96.58784	89.18477	95.23691	89.16744	89.91094	90.51996	86.14937	86.85199	90.42107	96.81427	94.09603	94.1101	89.72458	92.13228	91.55045	86.51119	94.00213	85.63009	93.46998	99.22677	92.1712	95.83707	92.34131	96.06457	91.13887	91.13183	96.1091	82.94106	85.06397
alpha_rarefaction_10207_1.txt	10207	1	97.133	85.60989	93.00725	92.99258	91.70658	93.52431	85.94724	83.34787	88.16389	96.78595	95.48718	93.52138	87.44401	93.93004	91.55499	86.08016	94.17456	86.62328	94.17841	97.02965	91.93699	94.64785	93.82718	96.97177	90.17181	88.78275	94.93377	81.59442	83.36149
alpha_rarefaction_10207_2.txt	10207	2	98.80425	85.18342	92.42504	91.41453	92.34469	91.93673	86.17961	85.09611	87.81515	97.55816	96.68481	91.58635	89.77154	93.98452	89.48688	88.19997	93.84796	87.39266	95.15853	97.68735	94.38354	94.61595	92.41627	97.42589	89.6734	92.12568	96.78561	82.19358	83.68516
alpha_rarefaction_10207_3.txt	10207	3	95.88695	86.2391	92.31059	90.14733	92.87468	89.84401	86.98429	83.41135	87.58447	96.59986	93.5864	93.31351	87.53998	95.00865	92.26651	85.713	94.76919	85.6469	92.57234	99.64426	95.13458	94.6216	93.41452	99.87126	90.19879	88.97652	94.12582	83.14352	83.8468
alpha_rarefaction_10207_4.txt	10207	4	97.19335	85.79403	91.28375	89.71205	90.40314	89.61674	85.61278	85.38886	91.32055	98.15161	95.63782	93.73822	88.40275	95.89198	90.67629	86.34848	94.37483	86.09321	94.36351	99.81895	93.51976	96.39349	94.97156	98.39602	89.32275	88.8033	95.13417	81.77175	85.01814
alpha_rarefaction_10207_5.txt	10207	5	96.49101	85.95399	90.77158	89.69833	90.64714	90.87604	84.94722	86.38235	92.49775	97.11711	95.24879	95.2374	88.70605	93.98181	91.8188	90.25082	96.03039	88.97151	93.70225	98.42813	96.11835	93.3824	92.42149	96.3235	91.42888	90.15078	93.74519	82.81776	84.22847
alpha_rarefaction_10207_6.txt	10207	6	94.86476	85.22548	93.33139	90.63647	92.51509	90.51988	87.65139	85.08575	88.97965	97.0284	93.42678	94.13782	86.75817	94.09144	91.41619	86.22641	93.82619	84.85339	93.03723	99.19629	95.79774	93.57949	93.85483	98.01604	88.35713	89.58859	93.68056	84.09529	84.54664
alpha_rarefaction_10207_7.txt	10207	7	95.20302	85.05581	93.38776	89.84242	89.70974	91.86072	88.98128	85.67638	88.51429	95.24507	93.15955	94.58376	88.58521	94.97276	90.40818	87.24902	94.98337	86.66996	93.5698	99.7124	94.66807	97.73669	91.54371	100.99078	87.94294	91.95259	95.39488	83.23974	83.77881
alpha_rarefaction_10207_8.txt	10207	8	96.71209	87.84533	90.54997	90.6416	90.461	90.42283	85.44993	86.58514	88.47805	98.21811	92.46707	92.37295	88.16719	95.67671	91.34224	87.99343	92.81957	87.25195	94.90501	99.02054	94.30271	94.51304	94.65285	99.75185	89.72178	91.08486	94.75781	81.91359	82.4748
alpha_rarefaction_10207_9.txt	10207	9	96.09327	86.5628	90.72967	90.21612	89.16018	93.35471	87.70797	85.12195	89.19028	97.70687	95.14232	92.88727	90.3003	92.60884	90.60677	89.17744	94.83482	83.78155	90.51877	100.13309	92.72015	95.01415	91.83746	100.07072	90.70422	92.21617	94.96142	84.88978	84.30053
alpha_rarefaction_13606_0.txt	13606	0	105.47381	92.50653	100.62659	97.70379	98.15092	99.77591	94.20623	92.06881	96.04336	105.48277	101.89963	100.20772	99.30349	104.17665	95.31265	93.94258	101.50185	92.24248	103.78173	109.47388	101.41743	104.50957	103.31818	106.24455	98.12775	98.68979	100.4574	87.50185	89.13528
alpha_rarefaction_13606_1.txt	13606	1	105.66647	93.41224	100.95275	96.6283	96.53148	99.9652	96.66751	92.5567	97.29054	105.26823	101.80033	99.30239	98.11929	101.86428	96.89069	93.18246	104.81495	92.88158	101.52414	109.17583	101.37533	106.68468	102.19714	108.98229	96.73763	98.08203	103.28614	91.36015	92.60535
alpha_rarefaction_13606_2.txt	13606	2	104.91649	92.21328	99.60119	97.89687	100.06586	99.85766	94.54251	90.95738	98.99723	106.55786	101.03517	96.81383	97.33267	103.15689	98.01876	93.04461	104.26697	94.13348	102.53306	107.99135	101.80795	102.94723	101.53625	107.75261	97.04263	98.179	101.8505	89.89094	92.12539
alpha_rarefaction_13606_3.txt	13606	3	107.60327	93.55701	101.50543	96.89739	95.29882	99.2274	96.73173	94.16567	96.6529	106.63635	101.68452	102.60798	100.00645	103.5582	97.14572	94.01799	101.85747	97.37515	99.50969	108.98492	102.80707	103.56427	101.59627	107.83926	95.69361	96.05574	105.45651	89.55576	89.97609
alpha_rarefaction_13606_4.txt	13606	4	104.32083	92.3048	101.93682	99.28688	97.75992	98.30084	94.82985	92.7898	96.9439	106.75991	103.10073	101.46541	98.81403	103.07696	98.47841	92.83699	102.44251	91.58441	101.75309	107.71769	104.62053	106.41241	104.7666	107.93056	96.51543	98.96158	102.87452	88.80496	92.89277
alpha_rarefaction_13606_5.txt	13606	5	107.41309	94.29755	99.68697	94.99003	95.83342	100.20971	94.87494	93.06417	96.90803	106.23334	105.33688	100.81163	100.08823	104.99628	97.07218	93.66319	102.83693	91.95494	102.77845	107.14326	102.8929	105.54515	98.76315	107.10667	98.37657	95.57647	103.52515	89.39541	91.72615
alpha_rarefaction_13606_6.txt	13606	6	104.8319	94.58717	99.63829	97.93234	98.83497	95.79671	93.97686	93.54809	96.08708	107.28617	102.33552	100.48634	97.77855	102.14231	98.19416	92.71355	104.67355	93.8227	102.60572	109.83361	99.95044	105.11317	99.83553	106.80349	97.49713	98.19345	100.18066	91.71426	90.19491
alpha_rarefaction_13606_7.txt	13606	7	106.51687	92.03497	100.64349	98.88007	98.10314	97.76657	96.03566	92.99617	97.16815	106.49372	99.77908	101.0332	99.17642	102.85461	97.4264	94.4143	102.63244	93.31383	99.80018	108.7254	104.59401	103.64529	97.87035	107.87353	97.63692	99.1517	103.50038	91.13797	91.56414
alpha_rarefaction_13606_8.txt	13606	8	107.8446	95.28567	100.13786	98.47849	99.44536	101.11102	97.23291	92.44685	96.49525	104.28757	102.65789	100.01655	101.12466	104.78712	98.76637	94.05798	101.51163	95.07055	102.36206	108.95576	102.62477	104.33705	99.84949	106.25139	96.70801	99.10347	104.15425	89.54541	90.40708
alpha_rarefaction_13606_9.txt	13606	9	102.8519	92.30175	100.06567	97.64433	96.40406	100.08034	93.4521	91.57317	97.32039	106.8087	105.01041	99.92419	99.17991	103.08403	98.68624	91.46425	103.79592	95.08533	102.65329	106.93637	102.57681	102.22129	99.47881	108.88371	98.19942	98.85308	103.12726	90.86518	92.08221
alpha_rarefaction_17005_0.txt	17005	0	114.50999	100.22309	106.75867	104.55467	103.55688	107.0451	103.37611	97.72226	103.84972	113.76044	108.14415	108.75454	104.62219	110.48322	105.4456	99.83757	106.52707	96.9632	107.58975	114.47749	108.73148	111.41726	107.52012	112.35344	102.80208	104.67118	111.05505	96.23948	98.17924
alpha_rarefaction_17005_1.txt	17005	1	114.15767	98.38636	109.64617	104.8434	104.24962	106.91787	99.8278	98.25285	103.8334	112.70666	107.26739	106.44896	104.93279	110.12835	105.24519	99.41862	111.55602	100.60458	108.64017	113.66805	111.17879	113.90222	108.27639	115.45389	103.29784	103.55938	108.71749	93.6366	97.3762
alpha_rarefaction_17005_2.txt	17005	2	111.96887	98.86692	108.82798	103.58605	105.41976	106.5649	103.12863	98.91126	103.90576	116.28643	109.35318	105.10214	106.69218	108.5282	104.98902	100.6809	109.45642	97.13559	110.26352	115.50789	107.01953	111.32135	107.05492	112.54579	103.82259	105.94225	110.65345	96.32125	96.83266
alpha_rarefaction_17005_3.txt	17005	3	113.36471	99.69432	108.22643	103.8231	106.24284	105.53744	100.37375	97.87748	106.63598	113.55414	108.09645	108.38339	106.49516	107.02301	105.98065	98.43697	109.04712	97.97821	108.32763	116.76452	106.51138	110.94105	107.58289	113.66542	105.73024	106.0335	109.43521	95.99956	97.29121
alpha_rarefaction_17005_4.txt	17005	4	114.7312	101.43699	107.40809	106.18732	105.6753	108.9134	101.3496	98.6285	103.15901	112.48176	109.18396	107.30519	103.67896	107.0893	105.36171	99.70874	107.96245	98.14021	107.18764	115.11823	108.71338	112.64924	106.76372	115.70538	102.0578	103.68464	109.33827	96.57618	97.93665
alpha_rarefaction_17005_5.txt	17005	5	113.30983	100.91029	109.15288	104.27847	105.14459	105.3442	100.67496	99.24034	101.45034	112.02393	106.46916	108.34797	108.13219	109.67496	105.69073	100.48712	108.57784	98.75234	108.30713	114.92605	109.70637	109.7272	105.60634	114.83653	103.35358	102.89369	109.76879	94.59343	97.08331
alpha_rarefaction_17005_6.txt	17005	6	111.23356	97.97271	107.11573	104.77393	106.03632	108.06346	102.40184	100.04957	105.03899	114.4815	109.77877	107.05479	107.5105	109.19443	104.84565	99.82649	106.19338	98.51843	106.41486	116.07949	108.58335	111.47947	107.9273	113.90337	103.45998	104.89681	109.64684	97.31655	97.65567
alpha_rarefaction_17005_7.txt	17005	7	112.34164	98.44646	108.4629	103.5802	102.94617	105.939	99.41711	95.90422	102.06742	114.01556	108.9707	109.75862	105.92185	110.63217	104.94254	100.90487	107.52624	96.90598	108.64227	116.47295	110.6432	112.71278	110.74078	113.57815	102.9773	103.685	110.19982	97.37175	97.93728
alpha_rarefaction_17005_8.txt	17005	8	112.22529	101.7843	106.81348	105.76817	107.2082	107.13115	97.81707	98.04127	103.95485	112.70691	109.2883	108.38408	104.50144	108.78916	106.08977	100.54813	109.86297	100.35285	109.98277	116.24209	110.74378	110.29183	105.02151	114.02636	101.96598	105.74161	110.67808	97.05072	96.75256
alpha_rarefaction_17005_9.txt	17005	9	111.87503	98.92412	109.91139	103.28968	104.82176	106.35628	101.65613	98.34328	99.28511	109.63222	109.89501	108.39808	107.02539	109.36731	104.70087	99.76534	108.24793	99.03363	110.18481	114.91492	105.6912	112.65798	108.7336	115.71802	105.13687	104.36903	112.3197	96.42998	97.99185
alpha_rarefaction_20404_0.txt	20404	0	119.14401	102.62967	114.90828	111.22933	109.28913	111.72523	108.4117	103.08415	108.77371	117.62549	113.92357	113.2413	112.68583	117.29578	107.85748	104.39645	114.5782	103.58532	114.37898	123.87535	114.71675	117.39765	115.38781	119.78637	109.02414	110.20165	113.95729	101.75155	102.63645
alpha_rarefaction_20404_1.txt	20404	1	118.19613	103.89843	114.39718	109.06277	110.30015	111.86965	104.85437	101.47909	107.64281	118.00916	117.30373	113.122	112.57653	116.77192	109.82008	105.48366	114.60833	104.19098	114.45769	121.15779	115.14983	117.486	109.96409	122.38148	109.01554	110.58448	113.98605	101.77045	103.73056
alpha_rarefaction_20404_2.txt	20404	2	118.3083	104.04897	112.44041	111.58023	111.4022	112.21414	106.59015	105.06854	106.44314	118.85055	117.33081	111.58269	110.97972	116.82747	110.02483	102.9284	113.68643	104.75467	113.86182	120.47245	115.10231	117.34539	113.95837	120.68323	107.70663	113.05418	114.14684	100.77719	102.34919
alpha_rarefaction_20404_3.txt	20404	3	119.57513	104.53498	112.41691	109.23218	109.50909	112.61967	107.08177	103.29074	109.52292	117.62614	113.21689	113.42135	111.33598	115.81498	108.02127	103.5212	114.95799	102.34049	112.76701	121.82225	114.76925	118.96428	111.79803	117.69561	107.13126	111.6789	113.89717	98.97447	102.25279
alpha_rarefaction_20404_4.txt	20404	4	117.96251	105.74661	112.37599	109.71263	112.22443	114.26224	105.18808	102.66585	110.30276	119.05478	113.52654	111.85303	113.00214	114.65148	110.15634	105.18267	115.16152	106.86324	112.69095	124.21513	115.06889	118.97355	117.13851	120.34215	108.66626	109.118	114.57783	99.98064	102.85131
alpha_rarefaction_20404_5.txt	20404	5	119.71845	103.40525	113.69392	109.34412	111.17075	110.69282	107.62546	103.77785	109.74836	117.89541	114.87268	112.27367	110.08879	114.43051	109.85877	103.36124	114.06651	104.47628	114.08403	120.50476	114.76921	121.28542	111.06778	121.74842	108.19481	109.84765	113.21847	101.26785	103.3927
alpha_rarefaction_20404_6.txt	20404	6	118.52321	104.29956	114.46268	109.36491	110.01001	112.33692	107.61428	104.73166	108.76359	118.76545	114.37741	113.80305	113.44754	117.41473	110.3028	102.3592	113.78136	104.97951	116.06387	122.03484	115.96132	119.3394	114.29258	118.96741	106.56873	108.5684	114.99826	101.79867	100.49255
alpha_rarefaction_20404_7.txt	20404	7	119.55244	104.90429	112.67616	108.73598	111.22305	112.96946	106.74377	105.05428	106.54281	118.40164	113.81122	114.92187	109.59686	113.32	108.0634	105.55954	115.90691	104.65266	115.45716	123.22065	115.54728	120.21964	112.71751	121.59151	107.50255	109.77641	113.07633	100.68593	102.47402
alpha_rarefaction_20404_8.txt	20404	8	118.04683	102.43424	115.55231	110.92233	111.85116	112.06003	104.38046	105.19304	107.44117	118.05844	113.7268	112.6665	115.15568	114.55253	109.35829	105.37855	114.98231	102.84178	114.62737	122.73856	113.56501	116.68767	112.29305	120.68469	108.25905	106.88274	115.04327	100.13909	101.57124
alpha_rarefaction_20404_9.txt	20404	9	120.05995	103.14738	114.15494	110.06019	111.70141	112.86112	108.15294	102.98818	107.00034	118.58017	116.05425	110.33346	109.36972	116.03284	110.71278	105.3919	115.47511	104.43002	111.5061	119.11329	115.04467	119.7025	111.57016	122.82653	106.09293	109.90799	115.96035	99.01957	102.63222
alpha_rarefaction_23803_0.txt	23803	0	122.48889	106.92825	121.70749	115.94943	114.64058	117.18684	109.21618	106.65467	115.20394	123.77441	119.14436	116.30375	116.53879	119.03971	111.90607	108.56156	120.72182	108.74085	119.34136	125.67777	120.3831	121.33554	119.55904	127.25533	113.08372	115.19313	117.45647	105.69422	106.33115
alpha_rarefaction_23803_1.txt	23803	1	123.92407	108.6111	118.35512	115.37732	115.52624	118.07774	109.11033	108.94732	112.67229	124.46003	118.71438	115.80576	118.64993	119.41935	112.97253	107.7366	118.68495	108.17851	117.51197	126.27007	120.77591	125.12448	119.37793	126.11643	112.59817	117.17247	117.33821	104.92387	107.53028
alpha_rarefaction_23803_2.txt	23803	2	121.68969	106.33252	117.91931	115.29314	114.81549	116.87269	110.93051	108.84365	112.75165	122.83214	121.26625	116.21329	113.68652	120.75224	113.77898	108.60197	119.00185	107.78488	120.922	126.0059	120.71049	123.72829	117.06386	126.89455	113.19063	114.04809	118.11261	105.06747	106.57709
alpha_rarefaction_23803_3.txt	23803	3	125.16132	106.88633	118.64346	114.39772	115.10156	118.52714	110.24709	109.33551	113.73539	122.57972	119.66895	115.58522	117.02911	118.94569	113.70482	108.73133	118.38474	109.74612	120.43158	125.81742	119.03644	125.3479	119.15534	127.79058	112.90769	112.46163	118.72421	106.22859	105.78315
alpha_rarefaction_23803_4.txt	23803	4	123.38441	107.34717	119.34085	115.40016	114.20389	117.53792	108.91383	108.08091	111.30763	123.01623	120.50388	116.64305	117.91899	119.01344	113.54075	109.69255	119.26269	108.80932	119.24741	126.74153	118.02587	123.37857	115.64702	125.44702	111.04699	113.39205	118.66889	106.56323	107.37061
alpha_rarefaction_23803_5.txt	23803	5	122.75303	108.14878	122.13369	115.61508	113.91091	114.76268	111.58823	107.82288	112.88492	122.24299	119.54007	118.39601	116.05148	120.93694	114.08222	109.44895	118.3437	111.03623	119.44925	126.53963	119.38405	123.95854	117.41613	128.88372	113.39547	112.71012	119.47915	104.55928	104.72028
alpha_rarefaction_23803_6.txt	23803	6	125.00953	108.27698	119.44313	116.09513	114.84725	115.58238	109.80222	107.53715	113.6694	123.20598	120.42344	116.85605	116.02507	119.65997	112.17979	106.73177	119.54624	107.96064	120.82192	126.24246	119.11236	123.47577	116.6552	128.34866	111.29597	113.30518	119.04596	102.33173	104.84935
alpha_rarefaction_23803_7.txt	23803	7	123.08569	109.04889	118.856	116.11873	114.91189	116.23952	111.60293	108.48351	113.27193	122.68059	120.3837	119.72102	116.93335	118.36009	114.7179	107.7888	119.64738	110.59311	120.12918	126.79093	117.92501	125.1394	116.89835	123.07487	114.07016	115.24578	118.73539	103.63678	106.94985
alpha_rarefaction_23803_8.txt	23803	8	122.19686	108.78408	118.42119	114.01537	114.89663	118.11051	109.99941	107.28962	111.77668	124.42569	122.04463	117.38164	115.88953	120.90996	113.36251	108.56148	120.29756	106.33435	119.21629	125.92994	120.23308	123.57629	117.59357	126.75502	112.53919	113.22022	118.6188	105.82772	105.44152
alpha_rarefaction_23803_9.txt	23803	9	125.87069	107.98584	117.1022	115.27229	113.79899	116.37655	111.15755	107.51285	110.94945	124.49207	117.62423	117.646	115.49693	119.84495	113.10897	108.95574	120.43856	109.27234	118.0238	127.09821	116.87227	123.40484	119.92122	126.30348	112.84374	113.91412	119.61431	104.36076	107.21139
alpha_rarefaction_27202_0.txt	27202	0	126.78288	110.25996	121.75254	118.60661	120.75406	119.84686	113.52405	110.2035	118.00084	127.52313	123.80205	122.83162	118.44989	124.3175	118.07562	111.1366	124.39296	113.65291	122.19391	129.50229	121.6165	129.06742	120.66293	129.5115	116.43607	116.11362	123.36153	106.52605	109.89773
alpha_rarefaction_27202_1.txt	27202	1	130.94643	112.50588	123.12678	119.72592	116.99527	123.70503	113.1417	112.82338	115.21532	126.94724	122.52919	122.17302	119.36284	123.68698	118.56032	112.47364	123.35274	111.09401	124.33574	131.45958	122.00901	127.39355	122.55085	130.16286	116.2218	118.94129	123.31171	107.68761	108.55412
alpha_rarefaction_27202_2.txt	27202	2	129.22926	114.87146	123.33648	118.05575	120.69189	119.71124	112.61404	113.41319	115.57471	127.41995	120.27892	122.14228	119.80746	124.51046	118.67374	111.34749	119.73419	111.12674	123.63913	129.27833	124.1255	129.83599	119.16914	129.21846	117.19139	118.42554	122.81049	108.13631	109.60575
alpha_rarefaction_27202_3.txt	27202	3	126.47781	112.53227	125.62041	118.40138	119.64617	121.66042	113.31107	109.94639	116.36687	127.70368	123.96504	120.63854	119.91563	124.45767	119.3851	111.84746	120.28226	112.59696	123.27246	131.90044	123.20979	130.05228	124.26074	129.68466	119.20073	118.0783	123.09986	107.21129	110.45362
alpha_rarefaction_27202_4.txt	27202	4	126.62575	113.7721	124.29544	117.67112	120.58955	121.20335	113.09413	110.59483	113.68156	128.7245	124.12619	120.15293	121.35405	123.41073	117.89547	111.74475	122.96363	111.41259	122.75463	131.01205	124.03581	126.47904	121.82797	130.40009	114.19421	118.09896	124.73756	108.4558	109.93919
alpha_rarefaction_27202_5.txt	27202	5	128.70354	112.30478	121.758	119.67993	122.43618	119.52477	113.53732	112.29248	115.82495	128.50784	124.83598	121.73824	123.14005	123.05595	116.47434	112.03665	122.5075	111.46179	123.03829	133.01528	124.61423	128.5864	120.92466	130.25088	115.70634	119.15594	122.63865	109.37333	110.00329
alpha_rarefaction_27202_6.txt	27202	6	127.68065	114.02019	121.45969	119.1279	120.1219	119.84468	112.67649	113.66703	115.34784	126.64924	124.89659	122.70246	119.4163	125.75283	117.36879	111.04231	123.92814	111.60972	122.05055	132.65043	123.45428	129.54823	120.19902	130.83305	116.89585	120.27361	121.57442	110.39818	109.5758
alpha_rarefaction_27202_7.txt	27202	7	129.16982	111.76052	124.77617	119.59499	117.83901	120.85464	113.91592	111.09643	117.98082	125.40347	121.23627	121.61041	119.59196	121.48856	119.28256	110.41043	123.63204	112.95346	125.32868	131.7005	122.90605	128.81802	122.43234	132.25193	118.89813	118.7819	122.8371	106.46634	109.97836
alpha_rarefaction_27202_8.txt	27202	8	129.09021	111.28548	122.72679	119.69158	120.61456	121.60807	114.4912	111.29114	117.8644	126.13476	125.22129	122.06878	119.12685	123.75833	117.40864	113.16839	122.87077	113.06261	122.50759	131.35652	123.17829	126.88415	121.57647	130.51302	115.62124	117.8197	122.8593	109.14057	110.5362
alpha_rarefaction_27202_9.txt	27202	9	128.78095	113.64253	123.29148	119.20221	117.96946	122.53153	114.21021	110.50596	117.78488	125.36852	122.57334	121.08029	120.70734	123.59219	118.44815	112.33302	123.51164	111.41009	122.86326	129.43848	120.942	126.2076	121.82809	131.60675	116.46902	116.88534	121.67808	107.80412	109.90724
alpha_rarefaction_30601_0.txt	30601	0	134.29071	114.38102	128.32255	123.1194	123.95766	126.57457	118.74847	111.1624	123.29441	130.73743	127.02427	125.64611	122.85282	129.10183	121.0367	114.13666	125.30305	115.79928	126.42678	135.87682	125.46634	135.13604	127.29703	133.80668	119.73298	121.80599	127.26222	112.52178	113.1969
alpha_rarefaction_30601_1.txt	30601	1	134.59268	114.82469	128.60465	122.27347	124.05755	126.39255	116.34252	113.71531	121.93391	131.64942	127.21896	125.04496	125.78783	126.84183	122.25646	114.67849	125.99015	117.61327	127.73305	132.78999	127.14582	133.80193	126.62825	134.0057	120.69565	123.17959	126.61551	111.56616	113.57155
alpha_rarefaction_30601_2.txt	30601	2	132.60157	114.39226	126.60706	122.61036	121.79559	126.55484	117.08552	115.39116	118.06236	131.25307	125.8703	124.47486	126.00027	127.7072	122.73019	114.99741	126.76982	116.93878	123.28877	134.11062	125.73483	132.19563	127.14544	132.77152	119.22739	120.75675	126.16975	111.57608	113.21777
alpha_rarefaction_30601_3.txt	30601	3	134.98845	117.48419	126.93896	123.04319	122.03793	126.51468	116.5194	114.70288	121.34742	130.71022	129.77669	126.29484	125.6406	130.20736	120.24671	113.59233	126.96572	115.94229	128.55833	135.48114	125.70807	133.20293	126.16617	136.47097	119.35882	121.47017	125.76148	111.93592	114.31527
alpha_rarefaction_30601_4.txt	30601	4	131.9961	115.58578	129.03456	123.33075	122.9635	127.40644	119.0162	113.93177	118.60787	130.47272	128.36466	125.95731	125.28901	126.97289	121.74571	114.04935	125.73753	115.36063	125.20892	134.66081	128.19447	130.21344	124.61996	136.04877	117.90268	123.47167	126.54645	112.95483	112.67585
alpha_rarefaction_30601_5.txt	30601	5	133.12943	115.1189	128.6558	120.6979	122.39913	124.41126	120.45938	114.74989	118.62522	130.93681	127.20992	123.78519	124.2374	126.34432	120.91226	114.98944	126.18105	116.74346	126.13121	134.17399	127.41028	132.41145	124.17987	136.80875	117.9991	121.94484	125.97117	113.40141	112.45613
alpha_rarefaction_30601_6.txt	30601	6	132.43724	116.92313	125.4876	123.57979	120.95863	125.30466	117.58309	115.72253	121.56558	129.42323	129.01641	125.70841	123.87194	127.33089	120.68667	115.49431	127.28195	113.05263	125.12259	135.42466	126.56176	132.48052	127.25214	136.45563	119.47627	123.22196	126.06352	111.83964	113.03017
alpha_rarefaction_30601_7.txt	30601	7	133.96811	113.07049	126.59086	120.30527	122.73681	125.75193	119.41211	115.75071	118.86735	130.72597	127.31756	126.81074	126.47383	128.41508	119.8209	114.02741	125.72514	114.80429	125.38034	135.07879	127.46784	132.70557	126.98953	134.14136	119.47913	122.34852	126.077	111.9432	112.64174
alpha_rarefaction_30601_8.txt	30601	8	136.88501	113.34574	128.11835	122.04886	121.60995	126.81358	119.0024	116.85637	121.26657	131.42437	127.09818	125.08212	125.63352	129.4701	120.06128	114.00152	128.16779	115.56079	127.66714	134.74764	125.73376	130.60386	125.49698	134.60497	119.23578	121.14498	125.93237	112.24396	112.54698
alpha_rarefaction_30601_9.txt	30601	9	132.79907	115.28443	126.2311	123.63261	123.60386	125.11994	118.65225	112.59967	119.74319	131.30027	128.03613	127.63099	124.36867	126.52109	121.72983	114.44688	126.15555	115.5543	125.38969	134.51523	127.68198	134.73414	125.22234	133.30268	119.58712	122.57558	126.61983	112.58343	113.99292
alpha_rarefaction_34000_0.txt	34000	0	138.27424	116.07489	131.27384	127.07591	126.05048	130.26108	121.37173	121.85887	123.38549	135.0069	132.48851	129.42667	129.67945	130.67577	124.38721	117.90597	131.30922	120.37725	130.72717	138.35061	130.45589	135.3373	129.16173	135.75851	122.95178	126.50337	128.47012	115.19569	115.72138
alpha_rarefaction_34000_1.txt	34000	1	135.97831	117.41101	131.23748	127.32728	127.21446	130.562	121.82812	119.26468	125.07224	134.15425	130.38031	126.91346	130.05623	131.91824	124.82767	118.98136	131.71065	120.18235	130.25949	138.90217	129.0091	133.92711	129.66704	135.42481	123.80973	127.72643	129.30492	114.96995	115.72138
alpha_rarefaction_34000_2.txt	34000	2	135.97871	116.44805	131.65637	125.05644	125.95965	127.28372	122.75696	118.42403	123.0165	133.10475	132.09688	128.22563	128.5165	129.70406	122.61592	117.66889	130.61536	117.53176	128.71056	139.09327	128.79543	136.30858	129.75071	137.76366	122.26515	123.68485	129.37557	112.75514	115.72138
alpha_rarefaction_34000_3.txt	34000	3	136.8787	119.55553	128.27874	125.90827	123.88265	126.01192	121.08887	119.47985	123.52748	135.15275	131.75457	128.50056	128.12059	132.11116	125.0501	117.0187	130.06872	119.5156	128.88405	138.63414	130.29953	135.94204	128.85531	137.17785	122.78038	125.51812	129.98857	112.15892	115.72138
alpha_rarefaction_34000_4.txt	34000	4	138.18698	118.06112	129.86809	125.14072	124.76433	130.19667	119.91556	118.26077	122.9048	133.88141	131.5924	129.2193	130.63246	129.61833	122.98858	119.21492	127.28098	119.85994	129.10451	140.25412	129.21012	137.81072	131.47008	138.89279	123.64148	124.39656	128.46391	112.36736	115.72138
alpha_rarefaction_34000_5.txt	34000	5	135.42824	117.36229	133.25313	126.03288	125.78346	126.11806	120.91131	116.65298	122.80915	135.69457	131.52067	128.56493	128.69623	133.22246	123.99983	118.18935	129.45803	118.70643	130.28933	138.15803	129.4617	137.51211	130.15378	139.01481	123.22576	125.25794	130.09472	113.0453	115.72138
alpha_rarefaction_34000_6.txt	34000	6	138.87877	118.01638	132.81437	125.31154	127.65721	130.46856	123.63775	118.20375	120.9679	133.73327	130.94668	128.02591	128.70193	130.34798	122.61766	117.59157	128.89078	118.26627	128.28085	137.79867	129.11354	135.94513	130.68247	138.38957	123.06746	126.32595	128.37042	115.74475	115.72138
alpha_rarefaction_34000_7.txt	34000	7	137.75899	117.57295	128.89992	126.22016	128.12209	128.31558	121.39407	121.05269	122.93387	133.76232	133.25493	127.60411	127.76671	131.57817	123.06176	118.15653	130.56543	117.35933	128.888	140.98469	129.15837	134.29976	128.34936	137.94146	121.02095	124.65824	127.67086	114.09941	115.72138
alpha_rarefaction_34000_8.txt	34000	8	138.80414	118.54772	129.90056	125.33794	127.01374	130.15043	121.78992	119.77488	122.97786	132.88643	131.1753	129.19495	127.18755	130.91558	124.9988	117.76462	130.26169	119.57595	131.08338	140.87801	129.15321	136.4817	130.04962	135.86391	122.8758	122.60479	129.76369	113.45906	115.72138
alpha_rarefaction_34000_9.txt	34000	9	135.26833	116.77252	131.78378	124.5113	126.88358	128.35802	121.25778	119.28357	123.50562	135.44214	130.87816	128.30546	127.43549	132.80611	122.44774	117.59036	130.10839	120.58957	129.57789	139.66643	129.99688	137.79504	129.29384	138.56685	122.10894	126.08645	129.34497	115.18798	115.72138