# Constructed from biom file
#OTU ID	515rcbc8	515rcbc9	515rcbc10	515rcbc11	515rcbc12	515rcbc13	515rcbc14	515rcbc15	515rcbc16	515rcbc17	515rcbc18	515rcbc19	515rcbc21	515rcbc22	515rcbc23	515rcbc24	515rcbc25	515rcbc26	515rcbc27	515rcbc28	515rcbc29	515rcbc30	515rcbc31	515rcbc32	515rcbc33	515rcbc34	515rcbc35	515rcbc36	515rcbc37
k__Archaea;p__Crenarchaeota;c__MBGA	9.97381872584e-05	0.0	0.0	0.0	0.0	0.0	0.0	0.0	2.93979303857e-05	0.0	0.0	0.0	0.0	0.0	0.0	0.0	8.97314582178e-05	0.0	0.0	0.0	6.17299192573e-06	0.0	0.0	9.17582720082e-06	0.0	0.0	0.0	0.0	0.0
k__Archaea;p__Crenarchaeota;c__MCG	0.0	0.0	0.0	1.03856179962e-05	7.220091493e-07	0.0	0.0	0.0	0.0	0.0	0.0	0.0	0.0	0.0	0.0	0.0	0.0	0.0	0.0	0.0	0.0	7.56641420065e-06	0.0	0.0	0.0	0.0	0.0	0.0	0.0
k__Archaea;p__Crenarchaeota;c__Thaumarchaeota	0.013040767984	0.0490182637969	0.016060943425	0.0113514804698	0.00161874451273	0.02260268196	0.0282883663573	0.0261621560047	0.0297859830668	0.0369040629121	0.0342457449289	0.0194617702712	0.0149945119342	0.016505271439	0.0321965569841	0.0603382297082	0.00551440597775	0.0694920348662	0.0191780821918	0.0459296028881	0.0315316427566	0.0646171772735	0.00876665506219	0.00652401313978	0.0181499290557	0.0436906195638	0.0327531479996	0.00526424139047	0.0218253638944
k__Archaea;p__Euryarchaeota;c__Methanobacteria	0.0	3.04650489726e-05	5.65128199332e-06	0.0	2.59923293748e-05	0.0	0.0	0.0	0.0	0.0	0.0	1.4016399187e-05	0.0	0.0	2.72390499019e-05	0.0	0.0	0.0	0.0	0.0	0.0	1.51328284013e-05	0.0	0.0	0.0	0.0	0.0	0.0	0.0
k__Archaea;p__Euryarchaeota;c__Methanomicrobia	0.0	3.04650489726e-05	0.0	0.0	1.29961646874e-05	0.0	0.0	0.0	0.0	0.0	9.3261832595e-06	0.0	0.0	0.0	0.0	0.0	0.0	0.0	0.0	0.0	0.0	0.0	0.0	0.0	0.0	0.0	0.0	0.0	0.0
k__Archaea;p__Euryarchaeota;c__Thermoplasmata	0.0	0.0	5.65128199332e-06	0.0	2.8880365972e-06	0.0	0.0	0.0	0.0	0.0	0.0	0.0	0.0	0.0	0.0	5.66928776738e-06	0.0	0.0	0.0	0.0	0.0	0.000363187881631	0.0	0.0	0.0	0.0	0.0	0.0	0.0
k__Archaea;p__[Parvarchaeota];c__[Micrarchaea]	0.0	0.0	0.0	0.0	0.0	0.0	0.0	0.0	0.0	0.0	0.0	0.0	0.0	0.0	0.0	0.0	0.0	2.00380723374e-05	0.0	0.0	0.0	5.29648994045e-05	0.0	0.0	0.0	0.0	0.0	0.0	0.0
k__Archaea;p__[Parvarchaeota];c__[Parvarchaea]	2.49345468146e-05	0.0	0.0	0.0	0.0	1.68676731045e-05	4.16618061226e-05	0.0	0.0	0.0	3.7304733038e-05	7.00819959352e-06	6.51126448756e-05	1.55270662643e-05	4.08585748529e-05	6.23621654412e-05	0.0	0.0	0.0	0.0	6.17299192573e-06	0.0	0.0	2.75274816025e-05	3.94135267224e-05	6.69075337883e-05	0.0	0.0	0.0
k__Bacteria;p__;c__	9.97381872584e-05	0.000228487867294	0.000209097433753	0.000259640449905	0.000311185943348	0.00101206038627	0.000366623893879	0.000208841593651	8.231420508e-05	8.66292556622e-05	0.000214502214969	0.000182213189432	0.000186036128216	0.000383000967854	5.44780998039e-05	0.000192755784091	8.15740529252e-05	0.000240456868049	0.000234415061168	0.000469314079422	0.000209881725475	0.000136195455612	4.74728613476e-05	2.75274816025e-05	0.000246334542015	5.01806503412e-05	0.000197658330136	2.94091697791e-05	0.00024895852351
k__Bacteria;p__AC1;c__	0.0	0.0	0.0	0.0	0.0	0.0	0.0	0.0	0.0	0.0	0.0	0.0	0.0	0.0	0.0	0.0	0.0	0.0	0.0	0.0	0.0	7.56641420065e-06	0.0	0.0	0.0	0.0	0.0	0.0	0.0
k__Bacteria;p__AD3;c__ABS-6	0.000149607280888	0.0	3.39076919599e-05	1.03856179962e-05	0.0	0.0	8.33236122452e-06	0.0	2.35183443086e-05	0.0	0.0	7.00819959352e-06	0.0	0.0	0.0	0.0	5.71018370477e-05	0.0	0.0	0.0	0.0	7.56641420065e-05	0.0	0.000100934099209	0.0	0.0	0.0	0.0	0.0
k__Bacteria;p__AD3;c__JG37-AG-4	0.0	0.0	0.0	0.0	0.0	0.0	0.0	0.0	5.87958607714e-06	0.0	0.0	0.0	0.0	0.0	0.0	0.0	0.000456814696381	1.33587148916e-05	0.0	0.0	0.0	0.0	0.0	0.0	0.0	0.0	0.0	0.0	0.0
k__Bacteria;p__Acidobacteria;c__	0.000274280014961	0.0012186019589	0.00254307689699	0.000675065169753	0.000725619195046	0.00320485788985	0.00133317779592	0.00146189115556	0.00074082784572	0.00177108700465	0.00778736302168	0.00154881211017	0.0080088553197	0.00196676172682	0.000544780998039	0.00155905413603	8.15740529252e-05	0.00527669238219	0.00109882059922	0.00157039711191	0.00488283661325	0.0012106262721	0.000348134316549	0.000376208915234	0.00104445845814	0.00433226281279	0.00172079016824	0.000205864188454	0.00109541750344
k__Bacteria;p__Acidobacteria;c__AT-s54	2.49345468146e-05	7.61626224314e-05	5.65128199332e-05	6.23137079772e-05	4.62085855552e-05	0.000134941384836	0.000208309030613	0.000142391995671	0.0	0.000202134929878	0.000130566565633	8.40983951223e-05	0.000176734321805	0.000134567907624	8.17171497058e-05	0.000147401481952	4.07870264626e-05	6.67935744581e-06	0.00014650941323	0.00014440433213	1.23459838515e-05	0.000219426011819	2.37364306738e-05	0.00022021985282	2.95601450418e-05	8.36344172354e-05	5.81348029812e-05	8.82275093374e-05	0.000132777879205
k__Bacteria;p__Acidobacteria;c__Acidobacteria-5	0.00573494576736	0.0108912550077	0.0108561127092	0.00611712899976	0.011427238806	0.0123808720587	0.00949889179596	0.00456603666119	0.00754938852305	0.00359992684641	0.00760083935649	0.00723947018011	0.0108180008558	0.00812583134501	0.0110318152103	0.00537448480347	0.00790452572846	0.007026684033	0.00536224452421	0.00858303249097	0.0038642929455	0.00513002882804	0.00740576637023	0.00984566258648	0.00534053287088	0.00481734243276	0.00394153964212	0.00170573184719	0.0049127815306
k__Bacteria;p__Acidobacteria;c__Acidobacteria-6	0.0831816481735	0.089369221161	0.125729721787	0.0944675812934	0.0979773635692	0.143661971831	0.0874731281351	0.128589464891	0.0873941674506	0.117931293375	0.119832128701	0.115950662275	0.130113668074	0.111272132539	0.106613641316	0.137701330582	0.0696805560087	0.129966937181	0.150216101385	0.127545126354	0.104138373787	0.106852901342	0.118460613349	0.116799104439	0.0826895790635	0.114930416165	0.116153336356	0.0320559950593	0.0990357006523
k__Bacteria;p__Acidobacteria;c__Acidobacteriia	0.06684952001	0.000456975734588	0.00266740510085	0.00603404405579	0.000148733884756	0.000134941384836	0.000191644308164	1.89855994228e-05	0.0153104421449	0.000115505674216	9.3261832595e-06	0.00446422314108	2.79054192324e-05	0.000263960126494	0.000463063848333	3.40157266043e-05	0.0756517766829	2.67174297833e-05	0.000102556589261	0.000153429602888	0.00102471665967	0.000317789396427	0.0123745925246	0.0310785267292	0.00190170266435	0.000183995717918	0.000220912251328	0.000970502602712	0.000431528107417
k__Bacteria;p__Acidobacteria;c__BPC102	0.000149607280888	0.000792091273287	0.000570779481325	0.000249254831909	0.000293857723765	0.000775912962807	0.000624927091839	0.00137645595816	0.000188146754468	0.000654532153892	0.00251806948007	0.000441516574392	0.00336725392071	0.000905745532087	0.000585639572892	0.00146834553175	2.44722158776e-05	0.00384063053134	0.000468830122335	0.000604693140794	0.00102471665967	0.00226235784599	0.00018989144539	0.000238571507221	0.000581349519155	0.00200722601365	0.00249979652819	0.000176455018675	0.000331944698013
k__Bacteria;p__Acidobacteria;c__DA052	0.0226156339609	0.000594068454965	0.00191578459574	0.00149552899145	0.000423819370639	0.00048916252003	0.000399953338777	0.000142391995671	0.00446260583255	0.000365767968351	0.000298437864304	0.000553647767888	0.000213941547449	0.000372649590344	0.000340488123774	0.00034582655381	0.011656932163	0.000227098153158	0.000263716943814	0.000315884476534	0.00059260722487	0.000438852023637	0.00241320378517	0.00510175992366	0.00153712754217	0.000652348454436	0.000511586266234	0.000294091697791	0.000331944698013
k__Bacteria;p__Acidobacteria;c__EC1113	0.00139633462162	0.000990114091608	0.000508615379399	0.000612751461776	6.4980823437e-05	0.00033735346209	0.000358291532655	0.000303769590765	0.000470366886171	0.000394644386906	0.00127768710655	0.000448524773986	0.000409279482075	0.000160446351398	0.00028601002397	0.000436535158088	0.000187620321728	0.000868316467956	0.000249066002491	0.000306859205776	0.000827180918047	0.00214886163298	0.000363958603665	0.000853351929676	0.000364575122182	0.00080289040546	0.00222074947388	2.94091697791e-05	0.000282152993311
k__Bacteria;p__Acidobacteria;c__GAL08	0.0	0.0	0.0	0.0	0.0	0.0	0.0	0.0	0.0	0.0	0.0	0.0	0.0	0.0	0.0	0.0	0.0	2.67174297833e-05	0.0	0.0	0.0	0.0	0.0	0.0	0.0	0.0	0.0	0.0	0.0
k__Bacteria;p__Acidobacteria;c__Holophagae	0.0	0.0	0.0	0.0	0.0	0.0	0.0	0.0	0.0	0.0	0.0	0.0	0.0	0.0	0.0	0.0	0.0	0.0	0.0	0.0	0.0	0.0	1.58242871159e-05	0.0	0.0	0.0	0.0	0.0	0.0
k__Bacteria;p__Acidobacteria;c__PAUC37f	0.000623363670365	0.00400615393989	0.00330599996609	0.000228483595916	0.0022699967654	0.00355907902505	0.0034995917143	0.00240167832699	0.00160512699906	0.00268550692553	0.00392632315225	0.00250893545448	0.00402768217588	0.00256714162237	0.00265580736544	0.00407054861698	0.000179462916436	0.011835821394	0.00171416013479	0.00398916967509	0.00425936442875	0.00394210179854	0.000712092920214	0.000568901286451	0.00345853696989	0.00567041348856	0.00388340483914	0.000205864188454	0.00190868201358
k__Bacteria;p__Acidobacteria;c__RB25	0.000299214561775	0.00172127526695	0.00255437946098	0.00051928089981	0.00478980869646	0.00603862697141	0.00324128851634	0.00536343183695	0.00111712135466	0.00216573139155	0.00581953835393	0.00164692690448	0.0123900061392	0.00572948745154	0.00119851819569	0.00357732058122	0.000497601722844	0.00571752997362	0.00291553732327	0.00284296028881	0.00261734857651	0.000915536118278	0.000981105801184	0.000532197977648	0.00343883020653	0.00873143315937	0.00191844849838	0.00035291003735	0.00172611242967
k__Bacteria;p__Acidobacteria;c__S035	0.0	0.00132522963031	0.000785528197072	9.34705619658e-05	0.000153787948801	0.000522897866239	0.000841568483677	0.000711959978356	0.000235183443086	0.00139569356345	0.00157612497086	0.000637746163011	0.00069763548081	0.000734947803179	0.000149814774461	0.00201826644519	1.6314810585e-05	0.00285876498681	0.000439528239689	0.00125451263538	0.000969159732339	0.00163434546734	0.000150330727601	3.67033088033e-05	0.0006601765726	0.00250903251706	0.00106968037485	0.000117636679117	0.000597500456424
k__Bacteria;p__Acidobacteria;c__Solibacteres	0.0177284627852	0.00357964325428	0.00376375380755	0.00660525304558	0.00642732544707	0.00254701863878	0.00244138183879	0.00214537273478	0.00778457196613	0.00166520680328	0.00174399626953	0.00698717499474	0.00235335702193	0.00260854713241	0.00604706907823	0.00210897504946	0.023925669723	0.00148949671042	0.0025492637902	0.00310469314079	0.00313587989827	0.00200509976317	0.00639301199481	0.0148281367565	0.00427636764938	0.00204067978054	0.00205797202553	0.00517601388113	0.00385055849695
k__Bacteria;p__Acidobacteria;c__Sva0725	0.00211943647924	0.00350348063185	0.00122632819255	0.00143321528348	0.00171693775704	0.0033735346209	0.00389121269185	0.0021643583342	0.000605597365945	0.00147269734626	0.00376777803684	0.00326582101058	0.00179524863729	0.00185807226297	0.00204292874265	0.00225070724365	0.000252879564068	0.00205056273586	0.00276902791004	0.00189530685921	0.00127780932863	0.00262554572762	0.000545937905497	0.00255087996183	0.00155683430553	0.00205740666399	0.00341832641529	0.000235273358233	0.00152694561086
k__Bacteria;p__Acidobacteria;c__TM1	0.00568507667373	6.09300979451e-05	7.34666659132e-05	4.15424719848e-05	6.78688600342e-05	0.000134941384836	4.99941673471e-05	5.69567982685e-05	0.000194026340546	3.85018914054e-05	0.000111914199114	4.20491975611e-05	0.000102319870519	4.6581198793e-05	0.0	6.80314532085e-05	0.000513916533429	3.33967872291e-05	0.0	3.61010830325e-05	4.93839354058e-05	5.29648994045e-05	2.37364306738e-05	0.000550549632049	1.97067633612e-05	5.01806503412e-05	8.13887241736e-05	5.88183395583e-05	0.0
k__Bacteria;p__Acidobacteria;c__[Chloracidobacteria]	0.0221169430246	0.061615561547	0.032172748388	0.0326108405081	0.0364311376554	0.0508729020832	0.0322962321063	0.0286302839296	0.0299858889934	0.0233610226102	0.0404942877128	0.040500385451	0.0377188249958	0.0411208471567	0.0462246676836	0.0361984023947	0.0421737853624	0.0458404301506	0.0244231191854	0.0398736462094	0.0312723770957	0.0385433139381	0.029638889768	0.0299131966747	0.0292054233013	0.0400274320889	0.113269850128	0.00679351821898	0.0371944034124
k__Bacteria;p__Acidobacteria;c__iii1-8	0.00453808752026	0.00325976024006	0.00220399997739	0.00280411685897	0.000758109606765	0.00455427173821	0.0026163614245	0.00580010062368	0.00111712135466	0.00229086253862	0.00409419445092	0.00238979606139	0.00546946216955	0.00345218439944	0.00351383743735	0.00412724149465	0.00327927692759	0.00333967872291	0.00275437696872	0.00184115523466	0.00344452949456	0.00603799853212	0.000894072222046	0.00350516599071	0.00389208576383	0.00441589723003	0.00442987198716	0.000499955886245	0.00690444971868
k__Bacteria;p__Actinobacteria;c__Acidimicrobiia	0.00999875327266	0.0170604274246	0.0210453741431	0.0138648000249	0.0151325897602	0.0158050096989	0.0132817837919	0.040657661164	0.0142109595484	0.0278079910676	0.0316903707158	0.0103861517976	0.0207337264897	0.0171056513346	0.0154990193942	0.0200692786965	0.0119832283747	0.0216544768393	0.0273679583913	0.0148555956679	0.0219820242475	0.0179248352413	0.00852929075545	0.00861610174157	0.0201501655368	0.0307440117757	0.0171148859977	0.00379378290151	0.0207465436258
k__Bacteria;p__Actinobacteria;c__Actinobacteria	0.0376262311432	0.0442657161571	0.0343315381094	0.0380944468101	0.0284175581073	0.0257232014844	0.0382205409369	0.0492486449028	0.048782925682	0.0544127980287	0.0367544882257	0.0437311654636	0.0208453481666	0.039469802444	0.0397962519067	0.0387155661634	0.0403220543609	0.0222890157967	0.0398798622812	0.0336732851986	0.0569520235068	0.0320588969681	0.0354464031395	0.029289240425	0.0394529402491	0.0286029706945	0.0227655888474	0.169279181249	0.0475510779904
k__Bacteria;p__Actinobacteria;c__Coriobacteriia	0.0	0.0	5.65128199332e-06	0.0	0.0	0.0	0.0	0.0	0.0	0.0	0.0	7.00819959352e-06	0.0	0.0	0.0	1.13385755348e-05	0.0	0.0	0.0	0.0	0.0	0.0	0.0	0.0	9.85338168059e-06	0.0	1.16269605962e-05	0.0	0.0
k__Bacteria;p__Actinobacteria;c__MB-A2-108	0.000498690936292	0.0132065987296	0.0133031178123	0.00114241797958	0.00221945612495	0.0078772033398	0.0107654107021	0.0292283303115	0.000958372530574	0.0257192634588	0.0179435765913	0.00450627233864	0.00895763957361	0.0116867052083	0.00441272608411	0.0126368424335	0.000603647991647	0.0164913335337	0.0110761116402	0.00840252707581	0.0141855354453	0.0152387582001	0.00161407728582	0.000798296966472	0.0153417152767	0.0200053526027	0.00659248665806	0.000852865923595	0.00582562945013
k__Bacteria;p__Actinobacteria;c__Nitriliruptoria	0.0	0.0	0.0	0.0	1.4440182986e-06	0.0	4.99941673471e-05	1.89855994228e-05	0.0	2.88764185541e-05	1.8652366519e-05	0.0	0.0	0.0	0.0	1.13385755348e-05	0.0	6.67935744581e-06	0.0	0.0	0.0	2.26992426019e-05	0.0	0.0	0.0	0.0	1.16269605962e-05	0.0	1.65972349007e-05
k__Bacteria;p__Actinobacteria;c__OPB41	0.0	1.52325244863e-05	0.0	0.0	7.9421006423e-06	0.0	0.0	0.0	0.0	0.0	0.0	0.0	0.0	0.0	0.0	5.66928776738e-06	8.15740529252e-06	6.67935744581e-06	0.0	1.80505415162e-05	0.0	0.00023455884022	0.0	0.0	0.0	0.0	0.0	0.0	0.0
k__Bacteria;p__Actinobacteria;c__Rubrobacteria	2.49345468146e-05	0.00405185151335	0.00129414357647	0.00021809797792	0.00177758652558	0.00182170869529	0.00292465878981	0.00375914868572	0.00148753527752	0.0039368183962	0.00348799253905	0.0015137711122	0.00235335702193	0.00225142460833	0.00152538679451	0.00436535158088	1.6314810585e-05	0.00522993688007	0.0016555563695	0.00171480144404	0.00157411294106	0.00320059320687	0.000514289331266	3.67033088033e-05	0.00149771401545	0.00490097684999	0.0018370597742	5.88183395583e-05	0.000713681100729
k__Bacteria;p__Actinobacteria;c__Thermoleophilia	0.0569754394714	0.0678761291109	0.0641590044702	0.0689293466408	0.0191007520447	0.0439571561103	0.0710083823554	0.149217318664	0.0628527751646	0.117883166011	0.0853998601073	0.0336533744481	0.0457369821219	0.0688314847498	0.0508144475921	0.0692106650641	0.10430058407	0.0565407607788	0.0791883378507	0.0656407942238	0.0854527272278	0.074930199829	0.0487783650347	0.0565414472115	0.0844828945294	0.0988893349391	0.0615880102782	0.0156750874923	0.0741730427711
k__Bacteria;p__Armatimonadetes;c__	0.0	6.09300979451e-05	4.52102559466e-05	3.11568539886e-05	2.74363476734e-05	0.0	4.16618061226e-05	9.49279971142e-06	0.00016462841016	7.70037828108e-05	6.52832828165e-05	3.50409979676e-05	0.0	4.6581198793e-05	5.44780998039e-05	1.70078633021e-05	5.71018370477e-05	2.67174297833e-05	4.39528239689e-05	0.000126353790614	0.000123459838515	9.07969704078e-05	0.000110770009811	7.34066176066e-05	9.85338168059e-06	0.0	0.000139523527155	0.0	9.9583409404e-05
k__Bacteria;p__Armatimonadetes;c__0319-6E2	0.000199476374517	0.000152325244863	7.34666659132e-05	9.34705619658e-05	7.14789057807e-05	0.000101206038627	0.000158314863266	0.000598046381819	7.64346190028e-05	0.000192509457027	0.000401025880159	0.000182213189432	3.72072256432e-05	0.000186324795172	2.72390499019e-05	0.000283464388369	9.78888635103e-05	0.000647897672244	0.00014650941323	0.000135379061372	0.000370379515544	0.000317789396427	0.000134506440485	0.00022021985282	9.85338168059e-05	0.000301083902047	0.000337181857291	0.000147045848896	9.9583409404e-05
k__Bacteria;p__Armatimonadetes;c__Armatimonadia	0.000149607280888	0.0	1.13025639866e-05	6.23137079772e-05	1.08301372395e-05	3.3735346209e-05	0.0	9.49279971142e-06	7.05550329257e-05	0.0	3.7304733038e-05	3.50409979676e-05	6.51126448756e-05	5.17568875478e-05	4.08585748529e-05	1.13385755348e-05	0.000203935132313	0.0	0.0	9.02527075812e-06	6.17299192573e-06	3.02656568026e-05	2.37364306738e-05	2.75274816025e-05	1.97067633612e-05	1.67268834471e-05	0.0	0.0	3.31944698013e-05
k__Bacteria;p__Armatimonadetes;c__Chthonomonadetes	0.000548560029921	0.000106627671404	5.65128199332e-06	6.23137079772e-05	3.6100457465e-05	0.000168676731045	8.33236122452e-05	2.84783991343e-05	8.81937911571e-05	2.88764185541e-05	0.000223828398228	0.000112131193496	0.000102319870519	0.000160446351398	0.0	0.000136062906417	0.000815740529252	0.0001603045787	1.4650941323e-05	5.41516245487e-05	1.85189757772e-05	0.000196726769217	3.16485742317e-05	0.000623956249656	5.91202900836e-05	8.36344172354e-05	0.000267420093713	2.94091697791e-05	0.000215764053709
k__Bacteria;p__Armatimonadetes;c__OPB50	2.49345468146e-05	0.0	0.0	0.0	0.0	0.0	0.0	0.0	0.0	0.0	0.0	0.0	0.0	0.0	0.0	0.0	1.6314810585e-05	0.0	0.0	0.0	0.0	0.0	7.91214355793e-06	0.0	0.0	0.0	0.0	0.0	0.0
k__Bacteria;p__Armatimonadetes;c__SHA-37	0.0	0.0	0.0	0.0	0.0	0.0	0.0	0.0	0.0	0.0	0.0	2.80327983741e-05	0.0	0.0	0.0	0.0	0.0	0.0	0.0	0.0	0.0	0.0	7.91214355793e-06	0.0	0.0	0.0	0.0	0.0	0.0
k__Bacteria;p__Armatimonadetes;c__SJA-176	0.0	0.0	0.0	0.0	7.9421006423e-06	0.0	0.0	0.0	5.87958607714e-06	0.0	9.3261832595e-06	0.0	0.0	0.0	0.0	5.66928776738e-06	8.15740529252e-06	0.0	0.0	0.0	0.0	0.000522082579845	2.37364306738e-05	0.0	0.0	0.0	0.0	0.0	0.0
k__Bacteria;p__Armatimonadetes;c__[Fimbriimonadia]	0.000548560029921	0.000258952916267	5.65128199332e-05	0.000280411685897	0.000294579732914	0.00033735346209	0.000358291532655	0.000379711988457	0.00037041392286	0.000279138712689	0.000279785497785	0.000679795360572	0.000251148773092	0.000212203238946	0.000231531924166	0.000362834417112	0.00077495350279	0.000247136225495	0.000161160354553	0.000279783393502	9.87678708116e-05	0.000295090153825	0.000150330727601	0.000917582720082	0.000266041305376	0.00040144520273	0.00138360831095	0.000294091697791	0.000481319812119
k__Bacteria;p__BHI80-139;c__	7.48036404438e-05	3.04650489726e-05	1.13025639866e-05	3.11568539886e-05	3.46564391664e-05	5.06030193135e-05	4.99941673471e-05	0.000113913596537	2.35183443086e-05	5.77528371081e-05	5.5957099557e-05	0.000161188590651	3.72072256432e-05	7.76353313217e-05	1.3619524951e-05	1.70078633021e-05	8.97314582178e-05	4.67555021207e-05	5.86037652919e-05	8.12274368231e-05	3.70379515544e-05	9.07969704078e-05	3.16485742317e-05	2.75274816025e-05	4.9266908403e-05	5.01806503412e-05	4.65078423849e-05	0.0	6.63889396027e-05
k__Bacteria;p__BRC1;c__NPL-UPA2	0.0	0.0	0.0	0.0	0.0	0.0	0.0	0.0	0.0	0.0	0.0	0.0	1.86036128216e-05	0.0	0.0	0.0	0.0	0.0	0.0	0.0	0.0	0.0	0.0	0.0	0.0	0.0	0.0	0.0	0.0
k__Bacteria;p__BRC1;c__PRR-11	0.000174541827702	0.000517905832534	0.000197794869766	0.000290797303894	0.000242595074165	8.43383655225e-05	0.000291632642858	0.000180363194517	0.000311618062088	0.000115505674216	0.00019584984845	0.000301352582522	0.000130225289751	0.000217378927701	0.000898888646764	0.000204094359626	0.000212092537606	5.34348595665e-05	0.00014650941323	0.000451263537906	0.000111113854663	0.000401019952634	0.000142418584043	0.000137637408012	0.000266041305376	0.000183995717918	2.32539211925e-05	0.000705820074699	0.000282152993311
k__Bacteria;p__Bacteroidetes;c__At12OctB3	0.0	7.61626224314e-05	2.82564099666e-05	0.000155784269943	4.69305947045e-05	0.000118073711731	4.16618061226e-05	1.89855994228e-05	0.00012347130762	1.92509457027e-05	2.79785497785e-05	4.90573971547e-05	2.79054192324e-05	4.14055100382e-05	0.000108956199608	3.96850143716e-05	0.0	5.34348595665e-05	2.9301882646e-05	1.80505415162e-05	3.70379515544e-05	3.02656568026e-05	2.37364306738e-05	1.83516544016e-05	6.89736717641e-05	6.69075337883e-05	0.0	8.82275093374e-05	0.000116180644305
k__Bacteria;p__Bacteroidetes;c__BME43	2.49345468146e-05	0.0	0.0	3.11568539886e-05	1.87722378818e-05	1.68676731045e-05	0.0	0.0	1.76387582314e-05	0.0	0.0	8.40983951223e-05	3.72072256432e-05	0.0	1.3619524951e-05	0.0	0.0	0.0	0.0	9.02527075812e-06	6.17299192573e-06	0.0	0.0	0.0	0.0	1.67268834471e-05	0.0	2.94091697791e-05	0.0
k__Bacteria;p__Bacteroidetes;c__Bacteroidia	0.0	4.56975734588e-05	1.13025639866e-05	1.03856179962e-05	7.86989972737e-05	0.000101206038627	4.16618061226e-05	0.000113913596537	0.0	8.66292556622e-05	9.3261832595e-05	1.4016399187e-05	0.000167432515394	4.14055100382e-05	0.0	9.63778920454e-05	0.000114203674095	0.000120228434025	2.9301882646e-05	9.02527075812e-06	6.17299192573e-05	0.00270120986963	7.91214355793e-06	0.0	0.0	6.69075337883e-05	2.32539211925e-05	5.88183395583e-05	0.0
k__Bacteria;p__Bacteroidetes;c__Cytophagia	0.0201221792794	0.0271748236835	0.0361286457833	0.0237934508293	0.0513760050367	0.0233954625959	0.0237972236572	0.0120273772344	0.0203610065851	0.018134390852	0.0119468407554	0.0196860326582	0.0212639294551	0.0191552240814	0.0545189583787	0.014258258735	0.0134760335433	0.00930434492202	0.0208336385613	0.0236732851986	0.0205190251611	0.0161315950758	0.0149935120423	0.0148831917197	0.0139228283147	0.0108222935903	0.0102898601277	0.0399082433903	0.0298916200561
k__Bacteria;p__Bacteroidetes;c__Flavobacteriia	0.00309188380501	0.00639766028424	0.00722798966946	0.00543167821201	0.0167650524467	0.0100193978241	0.010948722649	0.00432871666841	0.00796683913452	0.00411007690753	0.00374912567032	0.00568364987035	0.00762748125686	0.00611766410815	0.00832152974504	0.00301039180448	0.00910366430646	0.00360685302074	0.0124093473006	0.0068321299639	0.0215992987481	0.0023985533016	0.00637718770769	0.00318401203869	0.00397091281728	0.0040144520273	0.0018486867348	0.0179395935653	0.00454764236278
k__Bacteria;p__Bacteroidetes;c__Sphingobacteriia	0.00885176411919	0.0108760224832	0.00743143582122	0.0113514804698	0.0168170371055	0.00838323353293	0.012990151149	0.00494574864965	0.015316321731	0.00614105167916	0.0056889717883	0.0135608662135	0.00858556731717	0.00902122549958	0.0131973196775	0.00463180810595	0.010123339968	0.00429482683766	0.0109735550509	0.00897111913357	0.00962986740413	0.00609852984572	0.00966863942779	0.00797379383751	0.00729150244364	0.00593804362371	0.00406943620868	0.0966385318942	0.00954341006788
k__Bacteria;p__Bacteroidetes;c__VC2_1_Bac22	0.0	0.0	1.695384598e-05	1.03856179962e-05	2.31042927776e-05	8.43383655225e-05	8.33236122452e-06	9.49279971142e-06	0.0	9.62547285135e-05	6.52832828165e-05	1.4016399187e-05	9.3018064108e-05	1.03513775096e-05	4.08585748529e-05	5.10235899064e-05	8.15740529252e-06	6.67935744581e-06	1.4650941323e-05	5.41516245487e-05	0.0	2.26992426019e-05	0.0	5.50549632049e-05	9.85338168059e-06	0.0	4.65078423849e-05	0.0	8.29861745033e-05
k__Bacteria;p__Bacteroidetes;c__[Rhodothermi]	0.0	0.0	5.65128199332e-06	1.03856179962e-05	0.0	0.0	0.0	0.0	0.0	0.0	9.3261832595e-06	0.0	0.0	0.0	2.72390499019e-05	0.0	0.0	0.0	0.0	0.0	0.0	2.26992426019e-05	0.0	0.0	0.0	0.0	0.0	0.0	0.0
k__Bacteria;p__Bacteroidetes;c__[Saprospirae]	0.0373020820347	0.0442809486816	0.0398584918989	0.0527277825667	0.111039953098	0.054077759973	0.0597097005349	0.028782168725	0.0559971777987	0.0303202394818	0.0293961296339	0.0514191604177	0.0427138950384	0.0463327657328	0.0747030943561	0.0336302150361	0.0514569125852	0.0209665030224	0.0421654091275	0.0456317689531	0.0408405145806	0.0241519941285	0.0502262873058	0.0458699601769	0.0377975721268	0.0325337883046	0.0142197728092	0.045143075611	0.0504887885678
k__Bacteria;p__Chlamydiae;c__Chlamydiia	4.98690936292e-05	6.09300979451e-05	2.26051279733e-05	5.1928089981e-05	7.43669423779e-05	3.3735346209e-05	3.33294448981e-05	1.89855994228e-05	8.81937911571e-05	1.92509457027e-05	0.0	2.80327983741e-05	6.51126448756e-05	5.69325763026e-05	4.08585748529e-05	7.37007409759e-05	0.000106046268803	0.000106869719133	4.39528239689e-05	2.70758122744e-05	5.55569273315e-05	7.56641420065e-06	0.000118682153369	7.34066176066e-05	4.9266908403e-05	0.000167268834471	3.48808817887e-05	2.94091697791e-05	1.65972349007e-05
k__Bacteria;p__Chlorobi;c__	2.49345468146e-05	0.000198022818322	0.000259958971693	3.11568539886e-05	0.00085630285107	0.000118073711731	0.000374956255104	0.000142391995671	9.99529633114e-05	0.000182883984176	0.00019584984845	4.90573971547e-05	2.79054192324e-05	0.000289838570268	0.000177053824363	3.40157266043e-05	0.000880999771593	6.67935744581e-05	0.00014650941323	3.61010830325e-05	0.000148151806217	0.000385887124233	3.16485742317e-05	0.000146813235213	0.000187214251931	0.000301083902047	8.13887241736e-05	0.000117636679117	0.000630694926225
k__Bacteria;p__Chlorobi;c__BSV26	0.0	0.0	0.0	0.0	0.0	0.0	0.0	0.0	0.0	0.0	6.52832828165e-05	0.0	0.0	0.0	0.0	0.0	0.0	6.67935744581e-06	0.0	2.70758122744e-05	1.85189757772e-05	0.0	0.0	0.0	0.0	0.0	0.000139523527155	0.0	6.63889396027e-05
k__Bacteria;p__Chlorobi;c__Ignavibacteria	0.0	0.0	0.0	0.0	0.0	0.0	0.0	9.49279971142e-06	0.0	0.0	0.0	0.0	0.0	0.0	0.0	0.0	0.0	0.0	0.0	0.0	0.0	0.0	0.0	0.0	0.0	0.0	0.0	0.0	4.9791704702e-05
k__Bacteria;p__Chlorobi;c__OPB56	9.97381872584e-05	3.04650489726e-05	2.82564099666e-05	4.15424719848e-05	0.000137903747516	1.68676731045e-05	0.00018331194694	0.000113913596537	0.0	3.85018914054e-05	4.66309162975e-05	2.80327983741e-05	7.44144512864e-05	9.31623975861e-05	9.53366746568e-05	7.93700287433e-05	2.44722158776e-05	2.67174297833e-05	5.86037652919e-05	4.51263537906e-05	5.55569273315e-05	0.00011349621301	5.53850049055e-05	1.83516544016e-05	3.94135267224e-05	1.67268834471e-05	8.13887241736e-05	0.000970502602712	0.000315347463113
k__Bacteria;p__Chlorobi;c__SJA-28	9.97381872584e-05	0.000517905832534	0.000785528197072	0.000612751461776	0.00214942123747	0.00082651598212	0.000816571400003	0.000370219188745	0.000429209783631	0.000250262294135	0.000634180461646	0.000504590370734	0.000865067996205	0.000921272598351	0.00168882109392	0.000362834417112	0.000236564753483	0.000233777510603	0.000849754596733	0.000794223826715	0.000154324798143	4.53984852039e-05	0.000284837168086	0.000155989062414	0.000581349519155	0.00040144520273	0.000139523527155	2.94091697791e-05	0.000531111516821
k__Bacteria;p__Chloroflexi;c__	0.0	0.0	6.78153839198e-05	0.0	7.220091493e-07	0.0	0.0	9.49279971142e-06	5.87958607714e-06	9.62547285135e-06	2.79785497785e-05	1.4016399187e-05	0.0	0.0	0.0	2.26771510695e-05	0.0	1.33587148916e-05	0.0	1.80505415162e-05	2.46919677029e-05	1.51328284013e-05	0.0	0.0	4.9266908403e-05	1.67268834471e-05	0.0	0.0	0.0
k__Bacteria;p__Chloroflexi;c__Anaerolineae	0.0030669492582	0.00475254763972	0.00308559996835	0.00153707146344	0.00226927475625	0.00379522644851	0.00226640225307	0.00286682551285	0.00139934148636	0.002849139964	0.00712520401026	0.00337795220408	0.00452067791565	0.00213238376697	0.00261494879059	0.00532913050134	0.00137860149444	0.0044751694887	0.00172881107611	0.00287906137184	0.00287044124546	0.0107745738217	0.00102066651897	0.00264263823384	0.00240422513006	0.00322828850529	0.00289511318846	0.00194100520542	0.00336923868484
k__Bacteria;p__Chloroflexi;c__C0119	0.0	0.0	0.0	0.0	1.37181738367e-05	0.0	0.0	0.0	4.70366886171e-05	0.0	9.3261832595e-06	2.80327983741e-05	0.0	0.0	1.3619524951e-05	0.0	0.0	0.0	0.0	0.0	6.17299192573e-06	0.0	0.000197803588948	0.0	0.0	0.0	0.0	0.000117636679117	0.0
k__Bacteria;p__Chloroflexi;c__Chloroflexi	0.000224410921332	0.000746393699828	0.000666851275212	0.000280411685897	0.000387718913174	0.000472294846926	0.000666588897962	0.000711959978356	0.000146989651929	0.000404269859757	0.00148286313826	0.000532623169108	0.0003441668372	0.000791880379481	0.00028601002397	0.000884408891711	0.000619962802232	0.000614500885015	0.000322320709106	0.000685920577617	0.000685202103756	0.000408586366835	0.000181979301832	0.00055972545925	0.000620763045877	0.000551987153754	0.00052321322683	0.000235273358233	0.000298750228212
k__Bacteria;p__Chloroflexi;c__Ellin6529	0.00762997132527	0.0108150923853	0.01692558957	0.0112164674359	0.00359416154522	0.00838323353293	0.0106904194511	0.0303579734771	0.00869590780809	0.0206755156847	0.0200792725577	0.0102039386082	0.0129202091046	0.0134567907624	0.00868925691872	0.0132264483613	0.00899761803765	0.0127575727215	0.0159548751007	0.0102707581227	0.0170559766908	0.0226992426019	0.0107605152388	0.00841423354315	0.0168000157654	0.0166599759133	0.0111386282512	0.00302914448725	0.0179416109276
k__Bacteria;p__Chloroflexi;c__Gitt-GS-136	0.000723101857624	0.00356441072979	0.00297257432849	0.00135013033951	0.000558835081558	0.00253015096567	0.00116653057143	0.00822076455009	0.00130526810913	0.00826828117931	0.00325483795757	0.00143668091667	0.00373002437073	0.00173903142161	0.00170244061887	0.00268724240174	6.52592423402e-05	0.00254483518686	0.00391180133324	0.00175090252708	0.00396923380824	0.00748318364444	0.000482640757034	9.17582720082e-05	0.00203965000788	0.00354609929078	0.00294162103085	0.000382319207129	0.0024563907653
k__Bacteria;p__Chloroflexi;c__Ktedonobacteria	0.00516145119062	3.04650489726e-05	0.000254307689699	0.000259640449905	5.7760731944e-06	3.3735346209e-05	0.0	9.49279971142e-06	0.00016462841016	0.0	3.7304733038e-05	4.90573971547e-05	0.0	2.58784437739e-05	1.3619524951e-05	5.66928776738e-06	0.00123992560446	0.000200380723374	0.0	0.0	4.93839354058e-05	2.26992426019e-05	0.000664620058866	0.000688187040062	3.94135267224e-05	0.0	0.0	5.88183395583e-05	4.9791704702e-05
k__Bacteria;p__Chloroflexi;c__P2-11E	7.48036404438e-05	0.000289417965239	0.00020344615176	1.03856179962e-05	8.6641097916e-06	0.0	1.6664722449e-05	0.0	4.70366886171e-05	0.000182883984176	0.000214502214969	7.70901955288e-05	2.79054192324e-05	3.10541325287e-05	2.72390499019e-05	1.13385755348e-05	0.0	0.000180342651037	5.86037652919e-05	0.0	0.000358033531692	0.00100633308869	0.0	2.75274816025e-05	0.000108387198487	8.36344172354e-05	0.00133710046857	2.94091697791e-05	0.000282152993311
k__Bacteria;p__Chloroflexi;c__S085	0.00334122927316	0.00424987433167	0.00555521019943	0.0024510058471	0.00197902707823	0.0018723117146	0.00219974336327	0.00345537909496	0.00240475070555	0.004273709946	0.00648169736535	0.00273319784147	0.00405558759511	0.00197193741557	0.00243789496622	0.00244346302774	0.00212908278135	0.00716695053936	0.00342832026958	0.00264440433213	0.00288896022124	0.00605313136052	0.00336266101212	0.00199115450258	0.00196082295444	0.00361300682457	0.00397642052391	0.00155868599829	0.0025559741747
k__Bacteria;p__Chloroflexi;c__SAR202	0.0	1.52325244863e-05	1.13025639866e-05	0.0	0.0	0.0	0.0	0.0	1.17591721543e-05	0.0	0.0	7.00819959352e-06	0.0	0.0	0.0	0.0	0.0	0.0	0.0	9.02527075812e-06	0.0	4.53984852039e-05	0.0	1.83516544016e-05	0.0	0.0	0.000139523527155	0.0	1.65972349007e-05
k__Bacteria;p__Chloroflexi;c__SHA-26	0.0	0.0	0.0	0.0	2.1660274479e-06	0.0	0.0	0.0	0.0	0.0	0.0	0.0	0.0	0.0	0.0	0.0	1.6314810585e-05	0.0	0.0	0.0	0.0	1.51328284013e-05	7.91214355793e-06	0.0	0.0	0.0	0.0	0.0	0.0
k__Bacteria;p__Chloroflexi;c__TK10	0.00241865104102	0.0048896403601	0.00533481020169	0.00331301214079	0.000789156000185	0.00168676731045	0.00269135267552	0.00381610548399	0.00449200376294	0.00486086378993	0.00373979948706	0.00260705024879	0.00211151005525	0.00261372282116	0.00390880366093	0.00170078633021	0.00530231344014	0.00349998330161	0.00334041462164	0.00335740072202	0.00461122496852	0.0034578512897	0.00324397885875	0.00317483621148	0.00345853696989	0.00194031847986	0.00199983722255	0.0019704143752	0.00262236311431
k__Bacteria;p__Chloroflexi;c__TK17	0.000573494576736	0.000761626224314	0.00105113845076	0.00030118292189	0.000444035626819	0.000877119001434	0.00053327111837	0.000408190387591	0.000229303857008	0.000490899115419	0.000447656796456	0.000322377181302	0.000539504771827	0.000388176656609	0.000776312922205	0.00021543293516	0.00102783306686	0.000200380723374	0.000893707420702	0.000460288808664	0.000166670781995	0.000559914650848	0.000332310029433	0.000486318841644	0.000305454832098	0.000317810785494	0.000418570581464	0.000558774225804	0.000331944698013
k__Bacteria;p__Chloroflexi;c__Thermomicrobia	0.000872709138511	0.00245243644229	0.00142977434431	0.00146437213746	0.000399993068712	0.000708442270389	0.000824903761228	0.000692974378934	0.00169920037629	0.00219460781011	0.000904639776172	0.00128950872521	0.000548806578237	0.000698717981895	0.00179777729353	0.00122456615775	0.000652592423402	0.000614500885015	0.000937660244671	0.00146209386282	0.00144448011062	0.00279200684004	0.00119473367725	0.00122038501771	0.00113313889327	0.000735982871671	0.0012440847838	0.000441137546687	0.00137757049676
k__Bacteria;p__Cyanobacteria;c__	0.0	0.0	0.0	0.0	0.0	0.0	0.0	0.0	0.0	1.92509457027e-05	0.0	0.0	0.0	0.0	0.0	3.40157266043e-05	0.0	0.0	0.0	0.0	0.0	0.0	0.0	0.0	0.0	0.0	0.0	0.0	0.0
k__Bacteria;p__Cyanobacteria;c__4C0d-2	0.000448821842663	0.00053313835702	0.000197794869766	0.000830849439696	0.000883017189594	0.000640971577971	0.00107487459796	0.000455654386148	0.000446848541863	0.000308015131243	0.000298437864304	0.0011913939309	0.000511599352594	0.00105066481722	0.000626498147745	0.000464881596925	0.000538388749307	0.000313929799953	0.000586037652919	0.000469314079422	0.000734586039161	0.000605313136052	0.000538025761939	0.000981813510488	0.000463108938988	0.000217449484812	0.000685990675178	0.000470546716466	0.000647292161126
k__Bacteria;p__Cyanobacteria;c__Chloroplast	0.000573494576736	0.00231534372192	0.000469056405446	0.000425810337844	0.000338622291022	0.00082651598212	0.00141650140817	0.000351233589322	0.000176387582314	0.000991423703689	0.0015201678713	0.00167495970285	0.00188826670139	0.00082293451201	0.00348659838745	0.00193322712868	0.00128887003622	0.000267174297833	0.00054208482895	0.00306859205776	0.00258648361688	0.00194456844957	0.000403519321455	0.00352351764512	0.00100504493142	0.00132142379232	0.000395316660272	0.000558774225804	0.00152694561086
k__Bacteria;p__Cyanobacteria;c__ML635J-21	0.000149607280888	0.000137092720377	5.65128199332e-06	0.00030118292189	0.000259201284599	0.000219279750358	0.000299965004083	0.000294276791054	0.000152869238006	0.000221385875581	8.39356493355e-05	0.000294344382928	6.51126448756e-05	0.000155270662643	0.000326868598823	0.000260787237299	8.97314582178e-05	0.000187022008483	0.000322320709106	0.000243682310469	0.000154324798143	0.000105929798809	9.49457226952e-05	0.000119285753611	0.000246334542015	0.000133815067577	6.97617635774e-05	0.000264682528012	0.000630694926225
k__Bacteria;p__Cyanobacteria;c__Nostocophycideae	0.0	0.0	0.0	0.0	1.4440182986e-06	0.0	0.0	4.74639985571e-05	0.0	4.81273642568e-05	0.0	0.0	0.000102319870519	0.0	0.0	0.000294802963904	0.0	6.67935744581e-06	0.0	0.0	6.17299192573e-06	2.26992426019e-05	0.0	0.0	0.0	0.000100361300682	0.0	0.0	0.0
k__Bacteria;p__Cyanobacteria;c__Oscillatoriophycideae	0.0	0.000106627671404	0.0	0.0	0.0	0.0	0.0	0.0	0.0	0.000173258511324	0.000233154581488	0.0	0.0	0.0	0.0	0.000442204445855	1.6314810585e-05	0.0	0.0	0.0	0.0002160547174	0.0	1.58242871159e-05	0.0	3.94135267224e-05	0.000100361300682	0.0	0.0	0.0
k__Bacteria;p__Cyanobacteria;c__Synechococcophycideae	0.0	0.0	0.0	0.0	2.8880365972e-06	0.0	0.0	0.0	0.0	0.0	0.0	0.0	0.0	0.0	0.0	9.0708604278e-05	0.0	0.0	0.0	0.0	6.17299192573e-06	0.0	0.0	0.0	2.95601450418e-05	0.0	0.0	0.0	0.0
k__Bacteria;p__Elusimicrobia;c__Elusimicrobia	0.0025682583219	0.0026656917851	0.00107374357873	0.00204596674525	0.00110106395268	0.00249641561947	0.00256636725715	0.00194602394084	0.00198730009407	0.000741161409554	0.00211704359991	0.00186418109188	0.00158130708984	0.00281039899385	0.00209740684245	0.00141732194184	0.00314875844291	0.00154961092743	0.0021683393158	0.00287003610108	0.001246944369	0.00131655607091	0.00102857866253	0.00257840744343	0.00260129276368	0.00209086043088	0.00110456125664	0.000411728376908	0.00137757049676
k__Bacteria;p__Elusimicrobia;c__Endomicrobia	0.0	0.0	0.0	0.0	0.0	1.68676731045e-05	0.0	0.0	0.0	0.0	1.8652366519e-05	0.0	0.0	0.0	0.0	1.13385755348e-05	0.0	3.33967872291e-05	0.0	0.0	0.0	7.56641420065e-06	0.0	0.0	0.0	0.0	0.0	0.0	1.65972349007e-05
k__Bacteria;p__FBP;c__	0.000124672734073	0.000228487867294	2.82564099666e-05	0.000124627415954	9.74712351555e-05	1.68676731045e-05	1.6664722449e-05	9.49279971142e-06	9.99529633114e-05	5.77528371081e-05	0.0	0.000168196790245	1.86036128216e-05	2.58784437739e-05	8.17171497058e-05	5.66928776738e-05	4.89444317551e-05	2.67174297833e-05	0.0	2.70758122744e-05	4.32109434801e-05	0.000105929798809	6.32971484635e-05	0.0	3.94135267224e-05	0.0	4.65078423849e-05	0.000411728376908	8.29861745033e-05
k__Bacteria;p__FCPU426;c__	0.000374018202219	0.0	0.0	0.000155784269943	0.0	0.0	0.0	0.0	0.000229303857008	0.0	0.0	0.0	0.0	0.0	0.0	5.66928776738e-06	0.00080758312396	0.0	0.0	0.0	0.0	1.51328284013e-05	0.000245276450296	9.17582720082e-05	0.0	0.0	0.0	2.94091697791e-05	0.0
k__Bacteria;p__Fibrobacteres;c__Fibrobacteria	0.000124672734073	3.04650489726e-05	3.95589739532e-05	0.000197326741928	4.25985398087e-05	0.000202412077254	0.000191644308164	0.000246812792497	0.000146989651929	3.85018914054e-05	9.3261832595e-05	6.30737963417e-05	0.000427883094897	0.000605555584309	0.000245151449117	5.10235899064e-05	0.000530231344014	2.00380723374e-05	7.32547066149e-05	0.000135379061372	0.000296303612435	6.05313136052e-05	4.74728613476e-05	3.67033088033e-05	0.000354721740501	5.01806503412e-05	5.81348029812e-05	8.82275093374e-05	6.63889396027e-05
k__Bacteria;p__Fibrobacteres;c__TG3	0.0	0.0	5.65128199332e-06	0.0	3.53784483157e-05	3.3735346209e-05	0.0	0.0	0.0	0.0	9.3261832595e-06	0.0	0.0	0.0	0.0	1.70078633021e-05	0.0	0.0	0.0	3.61010830325e-05	6.17299192573e-06	1.51328284013e-05	0.0	0.0	0.0	1.67268834471e-05	2.32539211925e-05	0.0	0.0
k__Bacteria;p__Firmicutes;c__Bacilli	0.0202717865603	0.010556139469	0.0133087690943	0.0128781663153	0.00425046786193	0.00285063675466	0.00428283366941	0.00343639349553	0.0127587017874	0.0158531537862	0.00731172767545	0.00550844488051	0.00140457276803	0.00363850919461	0.00968348224014	0.0122966851674	0.0176199954319	0.0187890324951	0.00720826313091	0.0128068592058	0.0111052124744	0.0135438814192	0.00940753869038	0.00688187040062	0.00751813022229	0.0125451625853	0.0232771751137	0.00982266270623	0.00831521468523
k__Bacteria;p__Firmicutes;c__Clostridia	0.00276773469642	0.00124906700788	0.00128284101248	0.000913934383666	0.00158481008271	0.000354221135194	0.000458279867349	0.00039869758788	0.00142873941675	0.0017614615318	0.00118442527396	0.000630737963417	0.000381374062843	0.000610731273064	0.000898888646764	0.001632754877	0.00135412927856	0.00198376916141	0.000629990476888	0.00237364620939	0.00248154275414	0.00434312175117	0.000909896509162	0.0011102750913	0.000374428503863	0.00260939381774	0.00420895973584	0.000499955886245	0.000547708751722
k__Bacteria;p__Firmicutes;c__Erysipelotrichi	0.0	0.0	0.0	0.0	7.220091493e-07	0.0	8.33236122452e-06	3.79711988457e-05	0.0	0.0	0.0	0.0	0.0	1.55270662643e-05	0.0	1.13385755348e-05	0.0	1.33587148916e-05	0.0	9.02527075812e-06	1.23459838515e-05	0.0	0.0	0.0	0.0	0.0	1.16269605962e-05	0.0	0.0
k__Bacteria;p__Fusobacteria;c__Fusobacteriia	0.0	0.0	0.0	0.0	0.0	0.0	0.0	0.0	0.0	2.88764185541e-05	0.0	0.0	0.0	0.0	0.0	0.0	2.44722158776e-05	0.0	0.0	1.80505415162e-05	4.32109434801e-05	7.56641420065e-06	7.91214355793e-06	0.0	0.0	0.0	1.16269605962e-05	0.0	0.0
k__Bacteria;p__GAL15;c__	0.0	0.0	5.65128199332e-06	0.0	0.0	0.0	0.0	6.64495979799e-05	0.0	0.0	1.8652366519e-05	0.0	2.79054192324e-05	5.17568875478e-06	0.0	3.96850143716e-05	0.0	5.34348595665e-05	0.0	0.0	1.85189757772e-05	7.56641420065e-06	0.0	0.0	0.0	1.67268834471e-05	6.97617635774e-05	0.0	0.0
k__Bacteria;p__GN02;c__BD1-5	0.0	0.0	0.0	0.0	4.3320548958e-06	0.0	8.33236122452e-06	0.0	0.0	0.0	0.0	0.0	0.0	0.0	0.0	0.0	0.0	0.0	0.0	0.0	0.0	0.0	0.0	0.0	0.0	0.0	0.0	0.0	0.0
k__Bacteria;p__GN02;c__GKS2-174	0.0	0.0	0.0	0.0	7.220091493e-07	0.0	0.0	9.49279971142e-06	0.0	0.0	5.5957099557e-05	0.0	0.0	0.0	1.3619524951e-05	1.70078633021e-05	0.0	0.0	0.0	0.0	0.0	0.0	0.0	3.67033088033e-05	9.85338168059e-06	0.0	0.0	0.0	0.0
k__Bacteria;p__GN02;c__GN07	0.0	0.0	0.0	0.0	1.51621921353e-05	0.0	0.0	0.0	0.0	0.0	0.0	0.0	9.3018064108e-06	0.0	0.0	0.0	0.0	0.0	0.0	0.0	0.0	0.0	0.0	0.0	0.0	5.01806503412e-05	0.0	0.0	0.0
k__Bacteria;p__GN04;c__	0.0	0.0	0.0	0.0	0.0	0.0	0.0	0.0	0.0	0.0	1.8652366519e-05	0.0	5.58108384648e-05	0.0	0.0	0.0	0.0	4.67555021207e-05	0.0	0.0	0.0	7.56641420065e-06	0.0	0.0	0.0	1.67268834471e-05	0.0	0.0	0.0
k__Bacteria;p__GN04;c__GN15	0.0	0.0	0.0	0.0	0.0	0.0	0.0	0.0	0.0	0.0	0.0	0.0	0.0	0.0	0.0	0.0	0.0	0.0	0.0	0.0	0.0	1.51328284013e-05	7.91214355793e-06	0.0	0.0	0.0	0.0	0.0	0.0
k__Bacteria;p__GOUTA4;c__	0.0	0.0	0.0	0.0	0.0	0.0	0.0	0.0	0.0	0.0	0.0	0.0	0.0	0.0	0.0	0.0	0.0	0.0	0.0	0.0	0.0	0.000128629041411	0.0	0.0	0.0	0.0	0.0	0.0	0.0
k__Bacteria;p__Gemmatimonadetes;c__	2.49345468146e-05	0.00102057914058	0.000254307689699	0.0	6.85908691835e-05	0.00349160833263	0.000633259453064	0.0017466751469	8.81937911571e-05	0.00132831525349	0.00193984611798	0.000294344382928	0.00174873960523	0.00104031343971	0.000149814774461	0.00108283396357	0.0	0.00243128611028	0.00102556589261	9.92779783394e-05	0.000228400701252	0.0011273957159	7.91214355793e-05	0.0	0.000197067633612	0.00175632276194	0.0024649156464	0.0	0.000215764053709
k__Bacteria;p__Gemmatimonadetes;c__Gemm-1	0.0269293105598	0.0179896114183	0.0303530355861	0.0156511263203	0.00352629268518	0.0111832672683	0.00674921259186	0.00736641257606	0.0203845249294	0.0139184337431	0.0203870366053	0.0152778751139	0.0181292206947	0.0100770660056	0.00810361734583	0.00788030999666	0.00319770287467	0.0210733727415	0.00736942348546	0.00713898916968	0.0253771698067	0.0432344907425	0.0181425451783	0.0236461066965	0.0125630616428	0.0236350863107	0.0659597474624	0.00411728376908	0.0166470266054
k__Bacteria;p__Gemmatimonadetes;c__Gemm-2	0.0010223164194	0.000670231077396	0.00136195896039	0.000581594607787	0.000640422115429	0.000995192713165	0.000616594730615	0.000569567982685	0.000346895578551	0.000943296339433	0.000969923058988	0.000553647767888	0.00186966308857	0.000538271630497	0.000626498147745	0.000419527294786	0.000179462916436	0.00161640450189	0.000923009303348	0.000297833935018	0.000530877305612	0.00201266617737	0.000783302212235	0.000247747334422	0.000512375847391	0.00068580222133	0.00270908181892	0.000264682528012	0.00114520920815
k__Bacteria;p__Gemmatimonadetes;c__Gemm-3	4.98690936292e-05	0.000167557769349	2.82564099666e-05	0.000103856179962	0.000245483110762	0.000185544404149	0.000491609312247	0.000104420796826	4.115710254e-05	0.000182883984176	0.000242480764747	0.000266311584554	2.79054192324e-05	4.6581198793e-05	0.000299629548921	0.000164409345254	0.0	2.00380723374e-05	0.000161160354553	9.02527075812e-05	4.93839354058e-05	0.00012106262721	1.58242871159e-05	8.25824448074e-05	0.000295601450418	0.000133815067577	3.48808817887e-05	0.000794047584037	0.000265555758411
k__Bacteria;p__Gemmatimonadetes;c__Gemm-5	0.000897643685326	0.00158418254657	0.000491661533419	0.000405039101852	0.000595657548172	0.000472294846926	0.000449947506124	0.000436668786725	0.000311618062088	0.000770037828108	0.000671485194684	0.000406475576424	0.000139527096162	0.000134567907624	0.000803551972107	0.000651968093248	8.15740529252e-06	0.000567745382894	0.00068859424218	0.000559566787004	0.000444455418652	0.00155111491113	0.000363958603665	0.000128461580812	0.000177360870251	0.000501806503412	0.0018603136954	0.000264682528012	0.00156014008066
k__Bacteria;p__Gemmatimonadetes;c__Gemmatimonadetes	0.0351327764618	0.00991637344057	0.00882730247357	0.0132728197991	0.00414577653528	0.00892299907228	0.00586598230206	0.0055722734306	0.00557384760113	0.00775813111819	0.00834693401725	0.00968533183825	0.00822279686715	0.00622117788325	0.0062786010024	0.00658204309793	0.0053431004666	0.00637210700331	0.00602153688374	0.00379963898917	0.00754339613324	0.0143837533954	0.0151201063392	0.0156356095502	0.00493654422198	0.00551987153754	0.0155917541595	0.0137046731171	0.00768451975901
k__Bacteria;p__Kazan-3B-28;c__	0.0	0.0	0.0	0.0	0.0	0.0	0.0	0.0	0.0	0.0	0.0	0.0	0.0	0.0	0.0	0.0	0.0	0.0	0.0	0.0	0.0	0.0	0.0	9.17582720082e-06	0.0	0.0	0.0	0.0	0.0
k__Bacteria;p__Lentisphaerae;c__[Lentisphaeria]	0.0	0.0	0.0	0.0	0.0	0.0	0.0	0.0	0.0	0.0	0.0	0.0	9.3018064108e-06	0.0	0.0	0.0	0.0	0.0	0.0	0.0	0.0	0.0	0.0	0.0	0.0	0.0	0.0	0.0	0.0
k__Bacteria;p__MVP-21;c__	0.0	0.0	0.0	2.07712359924e-05	0.0	0.0	0.0	0.0	0.0	0.0	0.0	0.0	0.0	0.0	0.0	0.0	0.0	0.0	0.0	0.0	6.17299192573e-06	0.0	0.0	0.0	9.85338168059e-06	0.0	0.0	0.0	0.0
k__Bacteria;p__NC10;c__12-24	0.0	0.0	0.0	0.0	0.0	0.0	0.0	0.0	0.0	0.0	2.79785497785e-05	0.0	0.0	0.0	0.0	0.0	0.0	6.67935744581e-05	0.0	0.0	0.0	7.56641420065e-06	0.0	0.0	0.0	0.0	0.0	0.0	0.0
k__Bacteria;p__NKB19;c__	7.48036404438e-05	1.52325244863e-05	0.0	0.0	1.4440182986e-05	0.0	0.0	0.0	5.87958607714e-06	9.62547285135e-06	0.0	7.00819959352e-06	0.0	1.03513775096e-05	0.0	1.13385755348e-05	0.0	0.0	0.0	9.02527075812e-06	0.0	6.80977278058e-05	0.0	1.83516544016e-05	0.0	1.67268834471e-05	0.0	0.0	0.0
k__Bacteria;p__NKB19;c__TSBW08	0.0	6.09300979451e-05	1.13025639866e-05	0.0	0.000137181738367	0.0	8.33236122452e-06	0.0	0.0	0.0	0.0	1.4016399187e-05	9.3018064108e-06	0.0	0.0	3.40157266043e-05	0.0	0.0	5.86037652919e-05	1.80505415162e-05	1.23459838515e-05	3.02656568026e-05	7.91214355793e-06	0.0	0.0	0.0	2.32539211925e-05	0.00035291003735	8.29861745033e-05
k__Bacteria;p__Nitrospirae;c__Nitrospira	0.0113202842538	0.0134960166948	0.0212488202949	0.00965862473646	0.00863450741648	0.0296702369908	0.00976552735514	0.028487891934	0.00896636876764	0.0150638650124	0.0251340638844	0.016413203448	0.0255985712425	0.0197193741557	0.00930213554151	0.0211124276457	0.00337716579111	0.0343652940587	0.0201303933778	0.0125722021661	0.0233277364873	0.0157759736083	0.00844225717631	0.0155622029326	0.0192929213306	0.0300414826709	0.0378806376225	0.00214686939388	0.0103732718129
k__Bacteria;p__OD1;c__	0.0	0.0	0.0	2.07712359924e-05	6.4980823437e-06	0.0	0.0	0.0	4.115710254e-05	0.0	0.0	0.000126147592683	1.86036128216e-05	0.0	0.0	0.0	8.15740529252e-06	0.0	0.0	0.0	0.0	0.0	1.58242871159e-05	9.17582720082e-06	0.0	0.0	1.16269605962e-05	8.82275093374e-05	0.0
k__Bacteria;p__OD1;c__ABY1	2.49345468146e-05	0.0	0.0	2.07712359924e-05	7.220091493e-07	0.0	0.0	0.0	0.0	0.0	0.0	0.0	0.0	1.03513775096e-05	0.0	5.66928776738e-06	1.6314810585e-05	1.33587148916e-05	0.0	9.02527075812e-06	0.0	0.0	0.0	0.0	0.0	0.0	0.0	0.0	0.0
k__Bacteria;p__OD1;c__Mb-NB09	0.0	0.0	0.0	0.0	0.0	0.0	0.0	0.0	0.0	0.0	0.0	0.0	0.0	5.17568875478e-06	0.0	0.0	0.0	0.0	0.0	2.70758122744e-05	0.0	0.0	0.0	0.0	0.0	0.0	0.0	0.0	0.0
k__Bacteria;p__OD1;c__SM2F11	0.000199476374517	0.0	4.52102559466e-05	3.11568539886e-05	0.0	0.0	2.49970836736e-05	2.84783991343e-05	1.17591721543e-05	2.88764185541e-05	3.7304733038e-05	2.10245987806e-05	0.0	1.03513775096e-05	0.0	2.83464388369e-05	0.0	6.67935744581e-06	0.0	2.70758122744e-05	2.46919677029e-05	7.56641420065e-06	3.95607177897e-05	0.000165164889615	3.94135267224e-05	3.34537668942e-05	0.000104642645366	0.0	6.63889396027e-05
k__Bacteria;p__OD1;c__ZB2	0.0	0.0	0.0	1.03856179962e-05	4.3320548958e-06	0.0	0.0	0.0	1.17591721543e-05	0.0	1.8652366519e-05	0.0	9.3018064108e-06	0.0	0.0	0.0	0.0	0.0	0.0	9.02527075812e-06	0.0	0.0	7.91214355793e-06	9.17582720082e-06	0.0	0.0	0.0	0.0	0.0
k__Bacteria;p__OP11;c__	0.0	1.52325244863e-05	0.0	0.0	0.0	0.0	0.0	0.0	4.70366886171e-05	0.0	0.0	1.4016399187e-05	0.0	0.0	0.0	0.0	8.15740529252e-06	0.0	0.0	0.0	0.0	7.56641420065e-06	1.58242871159e-05	0.0	9.85338168059e-06	1.67268834471e-05	1.16269605962e-05	2.94091697791e-05	0.0
k__Bacteria;p__OP11;c__OP11-3	0.0	0.0	0.0	0.0	0.0	0.0	0.0	0.0	0.0	0.0	0.0	0.0	0.0	5.17568875478e-06	0.0	0.0	0.0	0.0	0.0	0.0	0.0	7.56641420065e-06	7.91214355793e-06	0.0	0.0	0.0	0.0	0.0	0.0
k__Bacteria;p__OP11;c__OP11-4	0.0	0.0	0.0	0.0	7.220091493e-07	0.0	0.0	0.0	0.0	0.0	0.0	0.0	0.0	0.0	0.0	0.0	0.0	0.0	0.0	0.0	0.0	0.0	0.0	0.0	0.0	0.0	0.0	0.0	0.0
k__Bacteria;p__OP11;c__WCHB1-64	0.0	0.0	0.0	0.0	2.1660274479e-06	0.0	0.0	0.0	0.0	0.0	0.0	0.0	0.0	0.0	0.0	0.0	0.0	0.0	0.0	0.0	0.0	0.0	0.0	0.0	0.0	0.0	0.0	0.0	0.0
k__Bacteria;p__OP3;c__PBS-25	0.00032414910859	6.09300979451e-05	6.78153839198e-05	2.07712359924e-05	2.31042927776e-05	5.06030193135e-05	0.000108320695919	6.64495979799e-05	0.0	0.00014438209277	9.3261832595e-05	7.70901955288e-05	0.000102319870519	9.31623975861e-05	5.44780998039e-05	1.13385755348e-05	4.89444317551e-05	0.000133587148916	0.0	0.000108303249097	9.25948788859e-05	0.000211859597618	0.0	0.000174340716816	7.88270534447e-05	0.000100361300682	0.00018603136954	0.000176455018675	9.9583409404e-05
k__Bacteria;p__OP3;c__koll11	0.000124672734073	0.00012186019589	0.000175189741793	5.1928089981e-05	2.38263019269e-05	5.06030193135e-05	8.33236122452e-06	2.84783991343e-05	1.17591721543e-05	6.73783099595e-05	4.66309162975e-05	8.40983951223e-05	2.79054192324e-05	2.07027550191e-05	0.00013619524951	2.83464388369e-05	8.15740529252e-06	0.000260494940387	5.86037652919e-05	2.70758122744e-05	7.40759031087e-05	0.000136195455612	3.16485742317e-05	0.00011010992641	1.97067633612e-05	5.01806503412e-05	0.000116269605962	0.0	6.63889396027e-05
k__Bacteria;p__OP8;c__OP8_1	0.0	0.0	1.13025639866e-05	0.0	0.0	0.0	0.0	0.0	0.0	0.0	0.0	0.0	0.0	0.0	0.0	0.0	0.0	0.0	0.0	0.0	0.0	0.0	0.0	0.0	0.0	0.0	0.0	0.0	0.0
k__Bacteria;p__PAUC34f;c__	0.0	0.0	0.0	0.0	0.0	0.0	0.0	0.0	0.0	0.0	0.0	0.0	0.0	0.0	0.0	0.0	0.0	4.00761446749e-05	0.0	0.0	0.0	0.0	0.0	0.0	1.97067633612e-05	0.0	0.0	0.0	0.0
k__Bacteria;p__Planctomycetes;c__	0.000174541827702	0.000792091273287	0.000514266661392	0.000166169887939	0.00060865371286	0.00195665008012	0.000949889179596	0.000816380775182	0.000276340545626	0.000895168975176	0.000587549545349	0.00049758217114	0.0013766673488	0.000802231756991	0.000326868598823	0.000328818690508	0.000171305511143	0.000708011889256	0.000937660244671	0.000469314079422	0.000259265660881	0.000302656568026	0.000854511504257	0.000321153952029	0.000522229229071	0.000669075337883	0.000197658330136	8.82275093374e-05	0.000381736402715
k__Bacteria;p__Planctomycetes;c__028H05-P-BN-P5	4.98690936292e-05	0.000289417965239	0.000175189741793	0.000124627415954	0.000126351601127	0.000236147423463	0.000508274034696	0.00100623676941	0.000146989651929	0.00050052458827	0.00055957099557	9.11065947158e-05	0.000492995739773	0.000486514742949	0.000381346698627	0.000430865870321	1.6314810585e-05	0.000748088033931	0.000366273533075	0.000333935018051	0.000191362749698	0.00012106262721	6.32971484635e-05	9.17582720082e-06	0.000246334542015	0.000367991435836	0.000232539211925	8.82275093374e-05	0.000298750228212
k__Bacteria;p__Planctomycetes;c__BD7-11	0.0	4.56975734588e-05	1.695384598e-05	3.11568539886e-05	3.39344300171e-05	0.00015180905794	7.49912510207e-05	0.000275291191631	1.76387582314e-05	2.88764185541e-05	0.000177197481931	4.20491975611e-05	0.000381374062843	0.000248433060229	2.72390499019e-05	0.000198425071858	0.000277351779946	0.000340647229736	0.000131858471907	9.02527075812e-05	5.55569273315e-05	6.80977278058e-05	0.000118682153369	5.50549632049e-05	0.000108387198487	0.000183995717918	0.000104642645366	2.94091697791e-05	6.63889396027e-05
k__Bacteria;p__Planctomycetes;c__C6	0.0	0.0	6.21641019265e-05	0.0	1.29961646874e-05	8.43383655225e-05	4.16618061226e-05	0.000113913596537	1.17591721543e-05	9.62547285135e-06	8.39356493355e-05	4.90573971547e-05	0.000251148773092	9.31623975861e-05	2.72390499019e-05	4.5354302139e-05	0.0	0.000106869719133	5.86037652919e-05	0.0	6.17299192573e-06	4.53984852039e-05	0.0	0.0	4.9266908403e-05	0.0	0.000174404408943	0.0	8.29861745033e-05
k__Bacteria;p__Planctomycetes;c__OM190	0.0018700910111	0.00152325244863	0.00823956914626	0.00123588854155	0.00626559539762	0.00543139073965	0.00399120102655	0.00448060146379	0.00106420507996	0.00224273517437	0.0052040102588	0.00200434508375	0.012408609752	0.00531025666241	0.00309163216387	0.00270991955281	0.000554703559892	0.00615836756504	0.0045271408688	0.0132220216606	0.00253092668955	0.00225479143179	0.0018989144539	0.0011286267457	0.00190170266435	0.00336210357286	0.00294162103085	0.000411728376908	0.00326965527543
k__Bacteria;p__Planctomycetes;c__Phycisphaerae	0.00735569131031	0.00449359472345	0.00476403072037	0.00730108945133	0.00626415137933	0.0103061482668	0.00627426800207	0.00993896129786	0.00811382878645	0.00520738081258	0.00908370249475	0.0056275842736	0.00987851840827	0.00701305826273	0.00572020047941	0.00953574202473	0.0081818775084	0.00979861737301	0.0040143579225	0.00561371841155	0.00426553742068	0.00382860558553	0.00620312054942	0.00834082692555	0.00490698407694	0.00822962665596	0.00529026707128	0.00144104931918	0.00624056032265
k__Bacteria;p__Planctomycetes;c__Pla3	0.0	0.000137092720377	0.000344728201593	0.0	0.000345842382515	0.000657839251075	0.000316629726532	0.000208841593651	7.64346190028e-05	0.000240636821284	0.000979249242248	7.70901955288e-05	0.0013766673488	0.000502041809214	8.17171497058e-05	0.000317480114973	0.0	0.00136926827639	0.000249066002491	0.000225631768953	0.000302476604361	0.000310222982226	2.37364306738e-05	9.17582720082e-06	0.00016750748857	0.000652348454436	0.000244166172521	0.0	4.9791704702e-05
k__Bacteria;p__Planctomycetes;c__Pla4	0.000249345468146	0.000137092720377	0.000361682047572	0.000155784269943	0.000310463934199	0.000202412077254	0.000191644308164	0.000170870394806	6.46754468485e-05	0.000231011348432	0.000429004429937	4.90573971547e-05	0.000362770450021	0.000232905993965	4.08585748529e-05	0.000136062906417	0.00016314810585	0.000374044016966	2.9301882646e-05	7.2202166065e-05	0.000185189757772	4.53984852039e-05	9.49457226952e-05	0.00011010992641	4.9266908403e-05	0.000317810785494	0.000127896566559	0.0	6.63889396027e-05
k__Bacteria;p__Planctomycetes;c__Planctomycetia	0.0221668121182	0.0359639903121	0.0293245022633	0.0292251290413	0.02695548958	0.0302774732226	0.0351042378389	0.0240737400682	0.0264228598307	0.0329768699887	0.0370249475402	0.0334361202607	0.0342864584302	0.0317839046431	0.0412263020266	0.0344919467767	0.0431282017816	0.0354005944628	0.0326569482089	0.04309566787	0.0304019852342	0.0354183848732	0.0312292306232	0.0309684168028	0.0277077092858	0.0265790177974	0.0301603357866	0.039820015881	0.0284144661499
k__Bacteria;p__Planctomycetes;c__vadinHA49	0.000299214561775	0.000304650489726	0.000129979485846	0.000498509663818	0.000249093156508	0.000134941384836	0.000399953338777	9.49279971142e-05	0.000393932267168	0.000288764185541	0.000158545115412	0.000182213189432	0.000167432515394	0.000434757855402	0.000258770974068	0.000170078633021	0.000644435018109	1.33587148916e-05	0.000131858471907	0.00014440433213	0.000444455418652	0.000143761869812	0.000253188593854	0.000293626470426	0.000226627778654	0.00011708818413	1.16269605962e-05	8.82275093374e-05	0.000331944698013
k__Bacteria;p__Proteobacteria;c__	4.98690936292e-05	0.000213255342808	9.04205118931e-05	0.000249254831909	0.000177614250728	0.000286750442776	0.00016664722449	0.000227827193074	0.000223424270931	6.73783099595e-05	0.000214502214969	9.11065947158e-05	0.000409279482075	0.000383000967854	0.000204292874265	0.000113385755348	0.000106046268803	0.000240456868049	0.000249066002491	0.000135379061372	0.000135805822366	1.51328284013e-05	0.000292749311644	6.42307904058e-05	0.000246334542015	0.00011708818413	0.000488332345042	2.94091697791e-05	0.000116180644305
k__Bacteria;p__Proteobacteria;c__Alphaproteobacteria	0.111906246104	0.0948072324026	0.090522234969	0.139665790813	0.0966575308442	0.0992325208737	0.0925308713983	0.103329124859	0.104850658514	0.115900318603	0.0969829797156	0.133464153059	0.0897996390899	0.0999787796761	0.0773452821966	0.111339142464	0.0842578392665	0.0900644557994	0.108827192147	0.0849458483755	0.0938479962468	0.0727964710244	0.163765547362	0.118322291755	0.114880577014	0.11083232972	0.0809701535921	0.155456871453	0.119815438748
k__Bacteria;p__Proteobacteria;c__Betaproteobacteria	0.0860989901509	0.0515163978126	0.0801577837933	0.0759396387882	0.11602037221	0.0693092687864	0.0459196427084	0.0402779491756	0.0725482126058	0.0395510679462	0.0474236418746	0.077896138482	0.0663590869347	0.0576675241058	0.0735862933101	0.0492491028352	0.0549972264822	0.0499615936947	0.069811735404	0.0446841155235	0.0490691128176	0.0798029705742	0.0781165933475	0.092024370997	0.0427341163487	0.0458483875284	0.0693548199565	0.143899067729	0.0857745099666
k__Bacteria;p__Proteobacteria;c__Deltaproteobacteria	0.046403191622	0.0629560237018	0.0542466558539	0.0586787416785	0.0668898156277	0.0944083663659	0.0680670588431	0.0668198171687	0.0599482596425	0.0637880085859	0.0761296339473	0.0579718270376	0.100031626142	0.0817396525043	0.05694323382	0.0806909727931	0.04210852612	0.0895701833484	0.0615486044978	0.0662184115523	0.0759339736784	0.0596082110727	0.0627828591322	0.0483290818667	0.0662048715119	0.0827646192961	0.0798772192961	0.0209687380525	0.0559160843803
k__Bacteria;p__Proteobacteria;c__Epsilonproteobacteria	0.0	0.0	1.13025639866e-05	0.0	2.1660274479e-06	0.0	2.49970836736e-05	9.49279971142e-06	0.0	4.81273642568e-05	5.5957099557e-05	0.0	9.3018064108e-06	3.10541325287e-05	0.0	1.70078633021e-05	0.0	1.33587148916e-05	0.0	3.61010830325e-05	0.0	0.0	0.0	0.0	0.0	1.67268834471e-05	1.16269605962e-05	2.94091697791e-05	0.0
k__Bacteria;p__Proteobacteria;c__Gammaproteobacteria	0.0509911482359	0.051059422078	0.0587507276026	0.0773728540717	0.0935911579872	0.0497090326389	0.0449447564451	0.0370693828731	0.0512876293509	0.0385596442425	0.0326136628585	0.0866073305768	0.0381653117035	0.0399873713194	0.0597624754849	0.0436421772333	0.0255082063497	0.0333166349397	0.0765072155886	0.0417238267148	0.0475320378281	0.0302580903884	0.0913377852328	0.0483749610027	0.0439165221504	0.0351431821223	0.0603671794156	0.0771990706702	0.0892599292958
k__Bacteria;p__Proteobacteria;c__TA18	9.97381872584e-05	6.09300979451e-05	3.39076919599e-05	0.000103856179962	0.000160286031145	6.7470692418e-05	0.000149982502041	2.84783991343e-05	5.29162746943e-05	2.88764185541e-05	1.8652366519e-05	4.20491975611e-05	9.3018064108e-06	8.28110200765e-05	0.000245151449117	3.96850143716e-05	0.000171305511143	1.33587148916e-05	0.000102556589261	0.000117328519856	8.64218869602e-05	4.53984852039e-05	3.16485742317e-05	9.17582720082e-05	7.88270534447e-05	3.34537668942e-05	6.97617635774e-05	2.94091697791e-05	6.63889396027e-05
k__Bacteria;p__SBR1093;c__	0.0	4.56975734588e-05	0.0	0.0	0.0	0.0	0.0	0.0	0.0	0.0	0.0	0.0	0.0	0.0	0.0	0.0	0.0	4.67555021207e-05	0.0	0.0	2.46919677029e-05	0.0	0.0	0.0	0.0	3.34537668942e-05	0.000267420093713	0.0	3.31944698013e-05
k__Bacteria;p__SBR1093;c__VHS-B5-50	0.0	0.0	1.13025639866e-05	0.0	0.0	0.0	0.0	0.0	0.0	0.0	9.3261832595e-06	0.0	0.0	0.0	0.0	0.0	0.0	2.00380723374e-05	0.0	9.02527075812e-06	0.0	1.51328284013e-05	0.0	0.0	0.0	0.0	0.0	0.0	0.0
k__Bacteria;p__SR1;c__	0.0	0.0	0.0	3.11568539886e-05	1.73282195832e-05	0.0	0.0	0.0	0.0	0.0	0.0	0.0	0.0	0.0	0.0	0.0	0.0	0.0	0.0	0.0	0.0	1.51328284013e-05	0.0	0.0	0.0	0.0	0.0	0.0	3.31944698013e-05
k__Bacteria;p__Spirochaetes;c__Spirochaetes	0.0	0.0	1.13025639866e-05	0.0	1.4440182986e-06	0.0	0.0	9.49279971142e-06	5.87958607714e-06	9.62547285135e-06	0.0	0.0	0.000130225289751	6.21082650574e-05	0.0	0.0	2.44722158776e-05	0.0	0.0	0.0	0.0	0.0	0.0	9.17582720082e-06	0.0	0.0	0.0	0.0	0.0
k__Bacteria;p__Spirochaetes;c__[Leptospirae]	0.0	0.0	0.0	1.03856179962e-05	5.0540640451e-06	0.000185544404149	0.0	2.84783991343e-05	0.0	9.62547285135e-06	0.0	3.50409979676e-05	0.000148828902573	6.72839538122e-05	0.0	0.000102047179813	0.0	1.33587148916e-05	0.0	9.02527075812e-06	6.7902911183e-05	0.0	7.91214355793e-06	1.83516544016e-05	2.95601450418e-05	0.0	0.0	2.94091697791e-05	0.0
k__Bacteria;p__TM6;c__	0.0	0.0	0.0	0.0	0.0	0.0	0.0	9.49279971142e-06	0.0	0.0	0.0	0.0	0.0	0.0	0.0	0.0	0.0	0.0	0.0	0.0	0.0	0.0	0.0	0.0	0.0	0.0	0.0	0.0	0.0
k__Bacteria;p__TM6;c__SBRH58	4.98690936292e-05	0.0	4.52102559466e-05	0.0	2.02162561804e-05	0.0	8.33236122452e-06	0.0	3.52775164628e-05	0.0	4.66309162975e-05	2.10245987806e-05	0.0	0.0	1.3619524951e-05	0.0	0.0	2.67174297833e-05	4.39528239689e-05	2.70758122744e-05	1.85189757772e-05	0.0	7.91214355793e-06	9.17582720082e-06	3.94135267224e-05	0.0	2.32539211925e-05	0.0	1.65972349007e-05
k__Bacteria;p__TM6;c__SJA-4	0.000673232763995	0.000502673308047	0.000474707687439	0.000976248091643	0.000555947044961	0.00126507548284	0.000458279867349	0.000237319992785	0.000729068673565	0.000308015131243	0.000596875728608	0.000665778961385	0.000279054192324	0.000191500483927	0.000381346698627	0.000748345985294	0.000628120207524	0.000601142170123	0.000439528239689	0.000315884476534	0.000740759031087	0.000930668946679	0.00104440294965	0.000568901286451	0.00117255241999	0.000936705473036	0.000302300975502	0.000529365056024	0.000381736402715
k__Bacteria;p__TM7;c__	0.0	0.0	0.0	0.0	3.6100457465e-06	0.0	0.0	0.0	0.0	0.0	0.0	0.0	0.0	0.0	0.0	0.0	0.0	0.0	0.0	0.0	0.0	0.0	0.0	0.0	0.0	0.0	0.0	0.0	0.0
k__Bacteria;p__TM7;c__MJK10	0.0	0.0	0.0	1.03856179962e-05	7.220091493e-07	0.0	2.49970836736e-05	0.0	0.0	0.0	0.0	0.0	0.0	5.17568875478e-06	0.0	1.13385755348e-05	0.0	0.0	0.0	0.0	1.23459838515e-05	2.26992426019e-05	0.0	3.67033088033e-05	0.0	0.000100361300682	0.000139523527155	0.0	0.0
k__Bacteria;p__TM7;c__SC3	0.000224410921332	3.04650489726e-05	1.695384598e-05	0.000311568539886	2.74363476734e-05	3.3735346209e-05	0.000133317779592	8.54351974028e-05	0.00012347130762	3.85018914054e-05	2.79785497785e-05	0.000182213189432	0.000102319870519	0.000295014259023	2.72390499019e-05	3.96850143716e-05	0.000138675889973	4.00761446749e-05	5.86037652919e-05	5.41516245487e-05	5.55569273315e-05	3.02656568026e-05	0.000142418584043	0.000183516544016	0.0	1.67268834471e-05	5.81348029812e-05	0.0	0.000199166818808
k__Bacteria;p__TM7;c__TM7-1	0.0	0.0	0.0	0.0	4.90966221524e-05	0.0	0.0	1.89855994228e-05	5.87958607714e-06	9.62547285135e-06	0.0	0.0	0.0	0.0	0.0	1.70078633021e-05	0.0	0.0	0.0	0.0	0.0	0.0	0.0	0.0	0.0	0.0	0.0	2.94091697791e-05	0.0
k__Bacteria;p__TM7;c__TM7-3	0.0	0.0	0.0	0.0	1.51621921353e-05	0.0	0.0	0.0	0.0	0.0	0.0	0.0	0.0	0.0	0.0	0.0	0.0	0.0	0.0	0.0	0.0	0.0	0.0	0.0	0.0	0.0	0.0	0.0	0.0
k__Bacteria;p__Tenericutes;c__Mollicutes	2.49345468146e-05	0.000426510685616	0.000214748715746	1.03856179962e-05	0.000166062104339	0.000185544404149	0.00114153348776	9.49279971142e-05	4.115710254e-05	2.88764185541e-05	0.0	4.20491975611e-05	0.000297657805146	0.000160446351398	8.17171497058e-05	1.70078633021e-05	0.000864684961008	6.67935744581e-05	0.00243205625961	0.000198555956679	4.93839354058e-05	1.51328284013e-05	0.000292749311644	6.42307904058e-05	0.000147800725209	0.00011708818413	0.000127896566559	0.0	0.0
k__Bacteria;p__Tenericutes;c__RF3	0.0	0.0	0.0	0.0	5.7760731944e-06	0.0	0.0	0.0	0.0	0.0	0.0	0.0	0.0	0.0	0.0	0.0	0.0	0.0	0.0	9.02527075812e-06	6.17299192573e-06	0.0	0.0	0.0	0.0	1.67268834471e-05	1.16269605962e-05	0.0	0.0
k__Bacteria;p__Verrucomicrobia;c__	4.98690936292e-05	4.56975734588e-05	2.26051279733e-05	0.000114241797958	6.85908691835e-05	0.0	1.6664722449e-05	9.49279971142e-05	2.35183443086e-05	3.85018914054e-05	9.3261832595e-06	5.60655967482e-05	9.3018064108e-06	7.24596425669e-05	6.80976247548e-05	5.66928776738e-06	4.07870264626e-05	1.33587148916e-05	2.9301882646e-05	2.70758122744e-05	6.7902911183e-05	3.78320710032e-05	7.12092920214e-05	1.83516544016e-05	0.000118240580167	0.0	1.16269605962e-05	0.0	3.31944698013e-05
k__Bacteria;p__Verrucomicrobia;c__Opitutae	0.0105722478494	0.00679370592088	0.00378070765353	0.00784114158713	0.0107146157756	0.00280003373535	0.00628260036329	0.00225928633132	0.0114651928504	0.0046106014958	0.0045138726976	0.0116616441236	0.00333004669507	0.00527402684112	0.00968348224014	0.00286299032253	0.0086223773942	0.00117556691046	0.00552340487876	0.00609205776173	0.00598162917603	0.00493330205882	0.00787258284014	0.0104787946633	0.00443402175627	0.00185668406263	0.00348808817887	0.012645943005	0.00717000547709
k__Bacteria;p__Verrucomicrobia;c__Verruco-5	0.0	0.0	0.0	0.0	2.81583568227e-05	0.0	8.33236122452e-06	3.79711988457e-05	0.0	9.62547285135e-06	0.0	0.0	1.86036128216e-05	5.17568875478e-06	0.0	4.5354302139e-05	0.0	0.0	2.9301882646e-05	0.0	0.0	1.51328284013e-05	0.0	2.75274816025e-05	9.85338168059e-06	0.0	0.0	0.0	0.0
k__Bacteria;p__Verrucomicrobia;c__Verrucomicrobiae	0.00209450193243	0.00414324666027	0.00247526151307	0.00471507057027	0.0114676713183	0.00494222821962	0.00855733497759	0.00375914868572	0.00372765757291	0.00330153718801	0.00256470039636	0.00364426378863	0.00427883094897	0.00480303916444	0.00825343212029	0.00286865961029	0.00236564753483	0.00164980128912	0.0073987253681	0.00662454873646	0.00954344551717	0.00309466340806	0.00317276956673	0.00155989062414	0.00419754059593	0.00239194433293	0.0021742416315	0.00708760991677	0.00469701747689
k__Bacteria;p__Verrucomicrobia;c__[Methylacidiphilae]	0.000249345468146	4.56975734588e-05	0.000129979485846	1.03856179962e-05	0.000145845848159	0.000101206038627	0.000208309030613	2.84783991343e-05	0.000458607714017	8.66292556622e-05	4.66309162975e-05	0.000315368981709	0.000139527096162	0.000144919285134	5.44780998039e-05	6.23621654412e-05	0.0017456847326	2.00380723374e-05	8.79056479379e-05	9.02527075812e-05	4.32109434801e-05	0.000143761869812	0.00018989144539	0.00089005523848	5.91202900836e-05	0.000100361300682	9.30156847698e-05	0.000117636679117	8.29861745033e-05
k__Bacteria;p__Verrucomicrobia;c__[Pedosphaerae]	0.0323650417654	0.0395740986154	0.040576204712	0.0236065097054	0.0392166489534	0.0364341739057	0.0402952988818	0.0149796379446	0.0397342427093	0.0223888498522	0.0334250408021	0.0284462821501	0.0580432720034	0.0374254053858	0.0440319241665	0.023907386515	0.0381032401214	0.0227832882477	0.0220203648084	0.0458122743682	0.0248956764365	0.0364625500329	0.0164968193183	0.0425483107302	0.0282003783699	0.0252743208885	0.0249863383213	0.0229979707673	0.0295264808883
k__Bacteria;p__Verrucomicrobia;c__[Spartobacteria]	0.0723849894028	0.074928787948	0.0658035275302	0.106660296821	0.0458612991544	0.0431137724551	0.156781708801	0.0465621825845	0.121619238006	0.0717290236883	0.0623641874563	0.0800056065597	0.058554871356	0.127192551149	0.0695004358248	0.0802374297717	0.137868306849	0.0691246702067	0.0572851805729	0.114268953069	0.0679214301588	0.0673108207289	0.0879355635029	0.103411572553	0.189352435756	0.0581091930951	0.0166032997314	0.0258212510661	0.0518663590646
k__Bacteria;p__WPS-2;c__	0.000573494576736	0.0	0.0	4.15424719848e-05	3.6100457465e-06	1.68676731045e-05	4.16618061226e-05	4.74639985571e-05	0.000341015992474	9.62547285135e-06	9.3261832595e-06	0.000105122993903	9.3018064108e-06	4.14055100382e-05	5.44780998039e-05	1.70078633021e-05	0.0019659346755	1.33587148916e-05	1.4650941323e-05	5.41516245487e-05	4.32109434801e-05	7.56641420065e-06	8.70335791373e-05	4.58791360041e-05	9.85338168059e-06	0.0	0.0	5.88183395583e-05	4.9791704702e-05
k__Bacteria;p__WS1;c__	0.0	0.0	0.0	0.0	7.220091493e-07	0.0	0.0	0.0	0.0	0.0	0.0	0.0	0.0	0.0	0.0	0.0	0.0	0.0	0.0	0.0	0.0	1.51328284013e-05	0.0	0.0	0.0	0.0	0.0	0.0	0.0
k__Bacteria;p__WS2;c__SHA-109	2.49345468146e-05	9.13951469177e-05	0.0	2.07712359924e-05	2.1660274479e-06	3.3735346209e-05	8.33236122452e-06	3.79711988457e-05	5.87958607714e-06	4.81273642568e-05	0.0	2.80327983741e-05	0.0	1.03513775096e-05	1.3619524951e-05	6.23621654412e-05	1.6314810585e-05	0.0	2.9301882646e-05	1.80505415162e-05	6.17299192573e-06	0.0	4.74728613476e-05	3.67033088033e-05	0.0	3.34537668942e-05	1.16269605962e-05	0.0	0.0
k__Bacteria;p__WS3;c__PRR-12	0.00211943647924	0.00353394568082	0.00823956914626	0.00194211056529	0.00734716510328	0.0158893480644	0.00642425050411	0.00591401422021	0.00377469426152	0.00510150061122	0.00999766845419	0.00451328053823	0.0139527096162	0.00534648648369	0.00273752451514	0.00628157084625	0.000929944203348	0.011281434726	0.00373599003736	0.00284296028881	0.00528408108842	0.0082473914787	0.00117890939013	0.0077994531207	0.00447343528299	0.00767763950221	0.00404618228749	0.000235273358233	0.00411611425537
k__Bacteria;p__WS4;c__	0.0	0.0	5.65128199332e-06	0.0	0.0	0.0	0.0	0.0	0.0	0.0	0.0	0.0	0.0	0.0	0.0	0.0	0.0	6.67935744581e-06	0.0	0.0	0.0	8.32305562071e-05	0.0	0.0	0.0	0.0	0.0	0.0	0.0
k__Bacteria;p__[Thermi];c__Deinococci	0.0	0.0	0.0	0.0	1.4440182986e-06	0.0	0.0	1.89855994228e-05	0.0	0.0	0.0	0.0	0.0	0.0	0.0	0.0	0.0	0.0	0.0	0.0	6.17299192573e-06	7.56641420065e-06	7.91214355793e-06	0.0	0.0	0.0	0.0	0.0	0.0